1 1117812.425 1633108.329 1.461
2 1119207.042 1635168.865 1.461
3 1120604.454 1637214.76 1.461
4 1122003.261 1639260.72 1.461
5 1123400.686 1641276.612 1.461
6 1124798.085 1643300.086 1.461
7 1126195.481 1645395.831 1.461
8 1127592.908 1647440.857 1.461
9 1128990.307 1649472.206 1.461
10 1130387.72 1651535.323 1.461
11 1131785.121 1653545.765 1.461
12 1133181.103 1655568.997 1.461
13 1134578.522 1657661.605 1.461
14 1135975.911 1659695.351 1.461
15 1137373.328 1661742.538 1.461
16 1138770.729 1663804.057 1.4611
17 1140168.156 1665816.971 1.461
18 1141565.548 1667837.568 1.461
19 1142962.967 1669858.809 1.461
20 1144360.377 1671948.47 1.461
21 1145757.767 1674015.915 1.4611
22 1147153.778 1676052.244 1.4611
23 1148551.195 1678101.531 1.4611
24 1149948.604 1680143.468 1.4611
25 1151345.988 1682143.102 1.461
26 1152743.396 1684210.817 1.461
27 1154140.798 1686243.216 1.461
28 1155536.801 1688315.208 1.4611
29 1156935.595 1690353.11 1.4611
30 1158331.598 1692359.41 1.461
31 1159730.409 1694413.861 1.461
32 1161126.421 1696465.149 1.4611
33 1162523.81 1698510.557 1.4611
34 1163921.202 1700580.824 1.4611
35 1165318.602 1702589.638 1.4611
36 1166716.016 1704648.874 1.4611
37 1168113.425 1706681.472 1.4611
38 1169510.814 1708678.751 1.461
39 1170908.22 1710769.512 1.4611
40 1172304.232 1712814.807 1.4611
41 1173701.652 1714848.336 1.4611
42 1175099.053 1716894.439 1.4611
43 1176496.464 1718916.325 1.461
44 1177893.871 1720951.626 1.461
45 1179291.272 1723019.945 1.4611
46 1180688.687 1725069.471 1.4611
47 1182086.091 1727125.141 1.4611
48 1183483.515 1729176.681 1.4611
49 1184880.922 1731195.133 1.4611
50 1186278.328 1733217.018 1.4611
51 1187675.738 1735237.388 1.461
52 1189071.747 1737322.941 1.4611
53 1190469.164 1739379.652 1.4611
54 1191866.573 1741411.258 1.4611
55 1193263.995 1743447.632 1.4611
56 1194661.4 1745486.724 1.4611
57 1196058.802 1747495.437 1.461
58 1197456.226 1749565.729 1.4611
59 1198853.635 1751603.388 1.4611
60 1200249.627 1753681.692 1.4611
61 1201648.43 1755713.27 1.4611
62 1203044.428 1757718.4 1.4611
63 1204441.845 1759753.126 1.4611
64 1205839.259 1761770.562 1.461
65 1207236.667 1763846.721 1.4611
66 1208632.676 1765932.789 1.4611
67 1210031.495 1767933.712 1.4611
68 1211428.909 1769982.387 1.4611
69 1212824.939 1772017.513 1.4611
70 1214223.737 1774023.758 1.461
71 1215621.149 1776096.348 1.4611
72 1217017.16 1778130.956 1.4611
73 1218414.567 1780188.372 1.4611
74 1219811.978 1782217.123 1.4611
75 1221209.371 1784230.573 1.461
76 1222606.773 1786278.486 1.461
77 1224004.182 1788330.605 1.461
78 1225400.2 1790383.338 1.4611
79 1226798.999 1792456.999 1.4611
80 1228196.4 1794458.168 1.4611
81 1229593.826 1796512.246 1.4611
82 1230989.815 1798548.001 1.4611
83 1232387.212 1800547.321 1.461
84 1233784.613 1802618.19 1.461
85 1235182.022 1804690.562 1.4611
86 1236579.435 1806713.279 1.4611
87 1237976.865 1808744.81 1.461
88 1239374.272 1810755.155 1.461
89 1240771.677 1812793.14 1.461
90 1242169.099 1814857.493 1.461
91 1243566.497 1816921.856 1.4611
92 1244962.499 1818992.021 1.4611
93 1246359.92 1821011.246 1.4611
94 1247757.323 1823025.472 1.461
95 1249154.746 1825075.082 1.461
96 1250552.15 1827089.076 1.461
97 1251949.562 1829151.594 1.461
98 1253346.962 1831246.659 1.4611
99 1254744.361 1833243.67 1.461
100 1256141.782 1835270.094 1.461
101 1257539.185 1837316.846 1.461
102 1258935.17 1839354.723 1.461
103 1260332.584 1841410.058 1.4611
104 1261730.001 1843448.661 1.461
105 1263127.417 1845523.73 1.4611
106 1264524.842 1847546.987 1.4611
107 1265922.268 1849561.529 1.461
108 1267319.682 1851616.9 1.461
109 1268717.073 1853674.648 1.4611
110 1270114.494 1855711.979 1.4611
111 1271511.889 1857797.141 1.4611
112 1272907.881 1859792.968 1.4611
113 1274305.305 1861822.618 1.461
114 1275702.706 1863861.768 1.461
115 1277100.117 1865897.691 1.461
116 1278497.529 1867948.514 1.461
117 1279894.95 1870021.759 1.4611
118 1281292.337 1872054.572 1.4611
119 1282689.749 1874077.271 1.4611
120 1284087.151 1876076.072 1.461
121 1285484.547 1878143.96 1.461
122 1286880.552 1880219.529 1.4611
123 1288277.977 1882236.192 1.461
124 1289675.373 1884320.696 1.4611
125 1291072.787 1886367.177 1.4611
126 1292470.193 1888352.72 1.461
127 1293867.598 1890389.226 1.461
128 1295265.012 1892408.305 1.461
129 1296662.417 1894499.218 1.4611
130 1298059.817 1896576.47 1.4611
131 1299457.216 1898588.901 1.4611
132 1300853.217 1900627.939 1.4611
133 1302250.629 1902672.366 1.4611
134 1303648.03 1904688.209 1.461
135 1305045.45 1906753.779 1.4611
136 1306442.851 1908804.399 1.4611
137 1307840.252 1910863.464 1.4611
138 1309237.649 1912902.371 1.4611
139 1310635.057 1914928.862 1.4611
140 1312032.477 1916954.509 1.4611
141 1313429.898 1919021.52 1.4611
142 1314825.899 1921065.643 1.4611
143 1316223.314 1923136.765 1.4611
144 1317620.723 1925129.96 1.4611
145 1319018.134 1927187.937 1.4611
146 1320415.528 1929227.581 1.4611
147 1321812.954 1931242.553 1.4611
148 1323210.37 1933332.565 1.4611
149 1324607.759 1935361.114 1.4611
150 1326005.173 1937417.667 1.4611
151 1327402.594 1939471.125 1.4611
152 1328798.594 1941471.885 1.4611
153 1330196.007 1943528.067 1.4611
154 1331593.422 1945586.398 1.4611
155 1332990.832 1947642.759 1.4611
156 1334388.257 1949709.813 1.4611
157 1335785.673 1951697.94 1.4611
158 1337183.079 1953739.223 1.4611
159 1338580.497 1955804.242 1.4611
160 1339977.889 1957833.54 1.4611
161 1341375.311 1959902.5 1.4611
162 1342771.322 1961982.38 1.4611
163 1344168.716 1963988.466 1.4611
164 1345566.126 1966013.526 1.4611
165 1346963.533 1968034.204 1.4611
166 1348359.568 1970090.532 1.4611
167 1349758.371 1972151.018 1.4611
168 1351155.763 1974196.382 1.4611
169 1352551.769 1976269.718 1.4611
170 1353950.564 1978297.651 1.4611
171 1355347.965 1980306.256 1.4611
172 1356743.981 1982367.078 1.4611
173 1358141.393 1984385.989 1.4611
174 1359538.808 1986451.356 1.4611
175 1360936.212 1988543.623 1.4612
176 1362333.62 1990527.868 1.4611
177 1363731.022 1992550.582 1.4611
178 1365128.409 1994612.858 1.4611
179 1366525.804 1996643.038 1.4611
180 1367923.218 1998697.819 1.4611
181 1369320.625 2000761.118 1.4611
182 1370716.618 2002809.047 1.4611
183 1372114.048 2004839.644 1.4611
184 1373511.46 2006841.346 1.4611
185 1374907.468 2008902.525 1.4611
186 1376306.272 2010955.745 1.4611
187 1377703.674 2012998.86 1.4611
188 1379101.082 2015072.509 1.4611
189 1380497.093 2017052.989 1.4611
190 1381895.901 2019097.394 1.4611
191 1383293.284 2021150.641 1.4611
192 1384689.298 2023163.053 1.4611
193 1386086.713 2025235.338 1.4611
194 1387484.125 2027329.626 1.4612
195 1388881.516 2029311.229 1.4611
196 1390278.94 2031349.344 1.4611
197 1391676.362 2033382.671 1.4611
198 1393073.769 2035442.327 1.4611
199 1394471.185 2037500.673 1.4611
200 1395868.608 2039526.048 1.4611
201 1397266.017 2041600.922 1.4611
202 1397266.017 2041600.922 1.4611
