1 1375.582 1538.621 1.1185
2 2753.228 3226.711 1.172
3 4132.399 4875.294 1.1798
4 5511.271 6879.479 1.2483
5 6890.171 8525.009 1.2373
6 8268.14 10237.783 1.2382
7 9645.792 12457.388 1.2915
8 11025.907 14105.722 1.2793
9 12403.872 15805.955 1.2743
10 13782.745 18279.057 1.3262
11 15159.186 19978.194 1.3179
12 16538.37 21626.059 1.3076
13 17916.04 24392.013 1.3615
14 19294.924 26039.824 1.3496
15 20672.897 27741.057 1.3419
16 22052.998 29417.912 1.334
17 23430.648 32370.747 1.3816
18 24808.613 34017.556 1.3712
19 26188.714 35666.705 1.3619
20 27566.363 38869.767 1.41
21 28944.324 40516.947 1.3998
22 30323.218 42211.475 1.3921
23 31701.187 45569.691 1.4375
24 33080.088 47272.044 1.429
25 34458.951 48919.927 1.4197
26 35835.686 52535.168 1.466
27 37215.81 54184.505 1.456
28 38594.68 55879.206 1.4478
29 39971.398 57589.936 1.4408
30 41350.282 61306.334 1.4826
31 42727.025 63006.358 1.4746
32 44107.125 64655.645 1.4659
33 45486.004 68695.181 1.5102
34 46862.747 70333.561 1.5008
35 48242.845 72037.01 1.4932
36 49620.507 75997.449 1.5316
37 50999.394 77699.84 1.5235
38 52377.357 79347.199 1.5149
39 53757.458 81083.23 1.5083
40 55134.193 85129.187 1.544
41 56511.835 86776.1 1.5355
42 57891.961 88573.902 1.53
43 59268.703 92497.745 1.5607
44 60647.581 94200.176 1.5532
45 62026.475 95848.524 1.5453
46 63405.66 100076.009 1.5783
47 64783.325 101723.084 1.5702
48 66162.208 103425.504 1.5632
49 67540.158 107494.528 1.5916
50 68920.28 109144.177 1.5836
51 70295.777 110835.349 1.5767
52 71674.64 112601.406 1.571
53 73054.752 116705.197 1.5975
54 74431.472 118351.242 1.5901
55 75810.382 120178.849 1.5853
56 77190.492 124248.53 1.6096
57 78568.142 125942.067 1.603
58 79946.114 127589.37 1.5959
59 81324.984 131752.532 1.6201
60 82703.866 133454.816 1.6136
61 84081.825 135102.22 1.6068
62 85460.717 139449.368 1.6317
63 86837.447 141087.935 1.6247
64 88216.319 142790.515 1.6186
65 89596.44 144550.705 1.6134
66 90974.407 148762.383 1.6352
67 92353.281 150410.636 1.6286
68 93732.159 152230.813 1.6241
69 95110.105 156255.737 1.6429
70 96488.986 157904.041 1.6365
71 97865.427 159604.111 1.6309
72 99244.625 163799.986 1.6505
73 100622.269 165501.033 1.6448
74 102001.152 167149.33 1.6387
75 103379.112 171550.359 1.6594
76 104757.991 173198.799 1.6533
77 106136.879 174901.396 1.6479
78 107514.838 176688.553 1.6434
79 108893.724 180925.128 1.6615
80 110272.606 182627.506 1.6561
81 111650.583 184267.266 1.6504
82 113029.449 188797.551 1.6703
83 114407.39 190444.791 1.6646
84 115785.055 192145.955 1.6595
85 117165.159 196742.903 1.6792
86 118543.094 198444.395 1.674
87 119920.771 200084.169 1.6685
88 121300.884 204953.205 1.6896
89 122678.848 206600.73 1.6841
90 124056.511 208247.741 1.6787
91 125434.175 210062.988 1.6747
92 126813.376 214560.833 1.6919
93 128191.03 216254.629 1.687
94 129568.998 217902.073 1.6817
95 130949.092 222658.279 1.7003
96 132327.978 224306.608 1.6951
97 133705.636 226007.827 1.6903
98 135084.812 230899.243 1.7093
99 136463.692 232593.934 1.7044
100 137840.423 234240.062 1.6994
101 139218.097 236023.061 1.6953
102 140596.981 240607.497 1.7113
103 141974.95 242254.965 1.7063
104 143355.063 244099.61 1.7028
105 144732.704 248680.934 1.7182
106 146111.896 250383.688 1.7136
107 147490.773 252032.095 1.7088
108 148868.429 256981.449 1.7262
109 150247.618 258630.153 1.7214
110 151625.276 260277.338 1.7166
111 153002.919 265043.439 1.7323
112 154380.884 266690.813 1.7275
113 155760.983 268394.496 1.7231
114 157138.648 270204.762 1.7195
115 158516.599 275015.985 1.7349
116 159895.489 276664.434 1.7303
117 161274.367 278529.703 1.7271
118 162652.338 283371.801 1.7422
119 164032.449 285075.522 1.7379
120 165410.102 286722.679 1.7334
121 166788.071 291551.983 1.748
122 168166.942 293254.531 1.7438
123 169543.695 294893.27 1.7393
124 170923.771 299858.577 1.7543
125 172302.654 301506.871 1.7499
126 173680.637 303208.368 1.7458
127 175059.532 304976.112 1.7421
128 176438.401 309917.919 1.7565
129 177815.15 311556.567 1.7521
130 179195.248 313206.219 1.7478
131 180571.665 318254.111 1.7625
132 181950.851 319902.864 1.7582
133 183328.521 321604.114 1.7543
134 184707.408 326515.425 1.7677
135 186086.598 328218.151 1.7638
136 187465.467 329866.566 1.7596
137 188842.208 335082.775 1.7744
138 190221.086 336731.212 1.7702
139 191601.189 338435.095 1.7664
140 192978.854 340223.118 1.763
141 194356.819 345084.804 1.7755
142 195735.705 346787.379 1.7717
143 197113.671 348434.904 1.7677
144 198491.325 353393.718 1.7804
145 199871.434 355043.486 1.7764
146 201249.388 356737.394 1.7726
147 202628.3 361783.453 1.7855
148 204007.172 363485.908 1.7817
149 205383.901 365132.08 1.7778
150 206764.015 366922.684 1.7746
151 208139.514 371981.377 1.7872
152 209519.629 373623.426 1.7832
153 210897.274 375472.817 1.7804
154 212276.151 380308.721 1.7916
155 213654.123 382010.177 1.788
156 215034.224 383659.756 1.7842
157 216411.895 388878.704 1.7969
158 217791.083 390519.76 1.7931
159 219169.95 392393.936 1.7904
160 220547.6 397507.404 1.8024
161 221925.568 399154.866 1.7986
162 223304.433 400857.116 1.7951
163 224682.381 402689.505 1.7923
164 226061.279 407580.863 1.803
165 227440.152 409229.284 1.7993
166 228818.127 411121.427 1.7967
167 230195.772 416086.556 1.8075
168 231574.66 417789.036 1.8041
169 232952.611 419643.91 1.8014
170 234332.725 424964.964 1.8135
171 235709.156 426610.902 1.8099
172 237088.337 428259.771 1.8063
173 238466.008 433611.198 1.8183
174 239844.891 435259.737 1.8148
175 241224.072 436962.512 1.8114
176 242602.955 438833.01 1.8089
177 243980.611 443887.03 1.8194
178 245358.567 445534.463 1.8159
179 246738.685 447365.463 1.8131
180 248116.332 452656.792 1.8244
181 249494.298 454304.436 1.8209
182 250873.197 456145.776 1.8182
183 252251.145 461252.018 1.8285
184 253628.802 462953.42 1.8253
185 255008.924 464603.158 1.8219
186 256386.869 469871.156 1.8327
187 257765.772 471519.575 1.8293
188 259144.653 473214.486 1.8261
189 260522.625 475033.415 1.8234
190 261901.511 480414.898 1.8343
191 263277.941 482060.863 1.831
192 264655.915 483896.635 1.8284
193 266034.786 489179.494 1.8388
194 267413.682 490820.335 1.8354
195 268792.877 492717.439 1.8331
196 270171.746 497759.733 1.8424
197 271549.404 499460.718 1.8393
198 272928.585 501109.649 1.836
199 274306.259 506853.401 1.8478
200 275685.133 508494.135 1.8445
201 277063.084 510141.647 1.8412
202 278441.983 512068.514 1.839
203 279818.716 517201.963 1.8483
204 281198.832 518905.761 1.8453
205 282577.707 520782.698 1.843
206 283955.662 525642.835 1.8511
207 285334.544 527291.302 1.848
208 286712.205 529236.716 1.8459
209 288091.401 534417.499 1.855
210 289470.264 536119.922 1.8521
211 290845.79 537757.4 1.8489
212 292225.894 539532.941 1.8463
213 293604.789 545217.116 1.857
214 294982.443 546864.325 1.8539
215 296361.622 548715.44 1.8515
216 297740.497 553933.207 1.8605
217 299118.151 555626.725 1.8575
218 300496.121 557440.115 1.8551
219 301875.002 562598.387 1.8637
220 303252.981 564245.949 1.8606
221 304630.641 565893.162 1.8576
222 306010.75 571674.971 1.8682
223 307388.704 573314.671 1.8651
224 308766.367 575015.988 1.8623
225 310145.254 576862.893 1.86
226 311524.448 582317.712 1.8693
227 312903.327 583966.231 1.8663
228 314282.207 585875.555 1.8642
229 315660.161 591002.144 1.8723
230 317037.816 592703.426 1.8695
231 318414.535 594566.68 1.8673
232 319793.435 600115.12 1.8766
233 321172.314 601817.509 1.8738
234 322550.273 603465.05 1.8709
235 323930.393 609204.467 1.8807
236 325309.265 610852.981 1.8778
237 326686.933 612554.311 1.875
238 328066.113 614445.645 1.8729
239 329445.011 619586.154 1.8807
240 330822.665 621233.43 1.8778
241 332200.621 623183.749 1.8759
242 333579.504 628805.848 1.885
243 334957.462 630453.239 1.8822
244 336336.334 632424.495 1.8803
245 337715.214 637831.635 1.8887
246 339093.16 639533.265 1.886
247 340470.836 641172.874 1.8832
248 341849.708 646414.739 1.8909
249 343228.89 648063.503 1.8881
250 344607.785 649765.966 1.8855
251 345984.213 651571.13 1.8832
252 347363.393 657209.265 1.892
253 348741.049 658902.763 1.8894
254 350119.948 660719.257 1.8871
255 351499.119 666277.917 1.8955
256 352876.772 667925.001 1.8928
257 354255.653 669815.324 1.8908
258 355634.842 675165.879 1.8985
259 357013.719 676860.716 1.8959
260 358391.379 678507.904 1.8932
261 359769.35 684345.341 1.9022
262 361148.211 685993.631 1.8995
263 362526.196 687641.375 1.8968
264 363905.062 689557.036 1.8949
265 365283.938 695095.175 1.9029
266 366661.912 696796.525 1.9004
267 368040.793 698588.654 1.8981
268 369418.442 703755.005 1.905
269 370797.626 705403.988 1.9024
270 372175.301 707270.571 1.9004
271 373552.947 712524.239 1.9074
272 374932.153 714173.006 1.9048
273 376311.039 715875.349 1.9024
274 377688.696 717701.297 1.9002
275 379067.892 723517.737 1.9087
276 380446.774 725166.308 1.9061
277 381824.419 727061.816 1.9042
278 383203.619 732829.086 1.9124
279 384581.256 734530.225 1.9099
280 385960.14 736391.975 1.9079
281 387336.888 742034.617 1.9157
282 388715.769 743683.135 1.9132
283 390094.96 745324.189 1.9106
284 391473.828 751436.491 1.9195
285 392852.716 753084.806 1.917
286 394230.69 754786.685 1.9146
287 395609.564 756688.977 1.9127
288 396987.227 762502.09 1.9207
289 398366.411 764143.049 1.9182
290 399745.299 766109.197 1.9165
291 401121.73 771646.465 1.9237
292 402500.923 773295.249 1.9212
293 403878.579 775281.091 1.9196
294 405257.469 781079.56 1.9274
295 406636.657 782782.397 1.925
296 408015.534 784430.942 1.9226
297 409393.193 790591.747 1.9311
298 410771.147 792239.243 1.9287
299 412151.272 793942.995 1.9263
300 413528.917 795726.632 1.9242
301 414906.872 801313.496 1.9313
302 416285.758 802961.873 1.9289
303 417663.718 804774.721 1.9268
304 419042.591 810668.151 1.9346
305 420421.48 812316.606 1.9321
306 421799.431 814193.773 1.9303
307 423178.33 820011.162 1.9377
308 424555.982 821712.457 1.9355
309 425935.162 823361.186 1.9331
310 427312.808 829028.647 1.9401
311 428689.562 830674.897 1.9377
312 430069.675 832370.858 1.9354
313 431448.528 834243.378 1.9336
314 432825.286 840325.805 1.9415
315 434205.411 842029.694 1.9392
316 435584.268 843921.114 1.9374
317 436960.992 849743.888 1.9447
318 438341.106 851385.912 1.9423
319 439720.005 853356.977 1.9407
320 441097.638 859044.274 1.9475
321 442474.369 860744.623 1.9453
322 443854.487 862394.24 1.943
323 445232.452 864320.169 1.9413
324 446610.092 870358.293 1.9488
325 447990.204 872007.877 1.9465
326 449368.175 874009.456 1.945
327 450747.059 879486.404 1.9512
328 452125.942 881188.847 1.949
329 453503.908 883145.558 1.9474
330 454882.804 888244.487 1.9527
331 456259.22 889890.556 1.9504
332 457638.415 891930.029 1.949
333 459016.079 896602.551 1.9533
334 460394.97 898250.867 1.951
335 461772.937 899952.609 1.9489
336 463153.051 901751.968 1.947
337 464530.704 906756.834 1.952
338 465908.668 908404.259 1.9497
339 467288.757 910279.291 1.948
340 468666.412 915258.887 1.9529
341 470044.382 916960.269 1.9508
342 471423.258 918805.186 1.949
343 472799.992 924459.079 1.9553
344 474178.87 926161.509 1.9532
345 475557.754 927809.867 1.951
346 476936.93 934261.217 1.9589
347 478315.826 935909.624 1.9567
348 479694.707 937604.291 1.9546
349 481072.693 939502.892 1.9529
350 482451.547 945177.082 1.9591
351 483827.981 946823.176 1.9569
352 485207.16 948789.478 1.9554
353 486584.82 954349.923 1.9613
354 487963.706 955990.575 1.9591
355 489341.674 957981.945 1.9577
356 490720.556 964056.365 1.9646
357 492098.508 965758.064 1.9625
358 493477.393 967406.673 1.9604
359 494856.285 973613.583 1.9675
360 496235.172 975254.402 1.9653
361 497613.141 976956.125 1.9633
362 498992.024 978928.379 1.9618
363 500369.99 984709.276 1.968
364 501747.631 986410.346 1.9659
365 503126.514 988406.046 1.9645
366 504505.711 994634.837 1.9715
367 505883.347 996282.003 1.9694
368 507263.46 998134.814 1.9677
369 508641.413 1004291.821 1.9745
370 510020.291 1005994.395 1.9725
371 511396.746 1007632.721 1.9704
372 512775.916 1013580.049 1.9767
373 514154.797 1015228.292 1.9746
374 515532.453 1016875.387 1.9725
375 516911.639 1018772.085 1.9709
376 518289.303 1025083.073 1.9778
377 519668.184 1026777.832 1.9758
378 521046.143 1028633.403 1.9742
379 522426.259 1034815.783 1.9808
380 523802.996 1036462.131 1.9787
381 525181.853 1038401.413 1.9772
382 526560.736 1044304.606 1.9833
383 527938.705 1045998.642 1.9813
384 529317.593 1047647.101 1.9792
385 530695.245 1049541.842 1.9777
386 532073.218 1055984.717 1.9847
387 533452.093 1057633.111 1.9826
388 534830.971 1059483.659 1.981
389 536210.162 1065398.167 1.9869
390 537589.054 1067100.85 1.985
391 538965.485 1068926.211 1.9833
392 540344.682 1074432.165 1.9884
393 541722.332 1076079.441 1.9864
394 543101.211 1077727.625 1.9844
395 544479.183 1082950.664 1.989
396 545858.065 1084599.254 1.987
397 547236.038 1086300.975 1.9851
398 548614.902 1088185.864 1.9835
399 549993.79 1093399.334 1.988
400 551372.672 1095047.787 1.986
401 552750.643 1096993.893 1.9846
402 554129.544 1102240.076 1.9891
403 555506.298 1103940.475 1.9873
404 556886.392 1105871.517 1.9858
405 558265.287 1110475.04 1.9892
406 559642.009 1112175.496 1.9873
407 561020.903 1113816.402 1.9853
408 562401.007 1119064.357 1.9898
409 563777.769 1120710.766 1.9879
410 565156.638 1122413.408 1.986
411 566533.335 1124382.002 1.9847
412 567913.477 1129297.308 1.9885
413 569291.129 1130936.669 1.9866
414 570670.01 1132936.56 1.9853
415 572049.203 1137859.889 1.9891
416 573428.094 1139508.371 1.9872
417 574805.745 1141570.79 1.986
418 576184.943 1147151.757 1.9909
419 577562.608 1148845.54 1.9891
420 578941.486 1150494.032 1.9872
421 580319.439 1156623.031 1.9931
422 581698.323 1158271.407 1.9912
423 583075.058 1159971.947 1.9894
424 584455.173 1161796.697 1.9878
425 585832.832 1167781.937 1.9934
426 587212.022 1169484.828 1.9916
427 588589.693 1171327.301 1.9901
428 589969.787 1177837.111 1.9964
429 591346.524 1179483.337 1.9946
430 592725.394 1181415.696 1.9932
431 594102.143 1187514.648 1.9988
432 595482.245 1189218.687 1.9971
433 596859.914 1190865.922 1.9952
434 598237.858 1192765.668 1.9938
435 599617.977 1198885.737 1.9994
436 600996.866 1200534.351 1.9976
437 602374.519 1202514.916 1.9963
438 603753.687 1208871.871 2.0023
439 605132.568 1210574.391 2.0005
440 606509.301 1212527.047 1.9992
441 607888.173 1218686.304 2.0048
442 609267.048 1220334.622 2.003
443 610643.782 1222354.009 2.0017
444 612023.877 1228574.693 2.0074
445 613402.779 1230223.022 2.0056
446 614779.497 1231923.458 2.0038
447 616158.38 1233935.331 2.0026
448 617538.5 1240430.075 2.0087
449 618915.225 1242068.865 2.0068
450 620295.353 1244149.609 2.0057
451 621671.806 1250361.397 2.0113
452 623050.998 1252064.414 2.0096
453 624429.889 1254116.016 2.0084
454 625806.608 1259724.968 2.013
455 627186.737 1261374.811 2.0112
456 628565.634 1263023.455 2.0094
457 629943.289 1268777.637 2.0141
458 631322.491 1270426.558 2.0123
459 632700.131 1272127.806 2.0106
460 634078.076 1273960.869 2.0092
461 635456.986 1279480.281 2.0135
462 636835.873 1281128.649 2.0117
463 638212.611 1283060.936 2.0104
464 639592.714 1288394.174 2.0144
465 640971.62 1290042.732 2.0126
466 642349.579 1291987.396 2.0113
467 643727.248 1297363.135 2.0154
468 645107.37 1299067.019 2.0137
469 646484.106 1300713.53 2.012
470 647864.207 1306445.326 2.0165
471 649239.735 1308090.323 2.0148
472 650619.832 1309786.429 2.0131
473 651998.699 1311753.184 2.0119
474 653376.367 1316956.759 2.0156
475 654755.569 1318605.574 2.0139
476 656133.214 1320589.981 2.0127
477 657511.192 1325641.163 2.0161
478 658891.277 1327283.096 2.0144
479 660268.942 1329353.671 2.0134
480 661646.9 1334180.089 2.0165
481 663024.562 1335881.11 2.0148
482 664403.43 1337529.556 2.0131
483 665782.629 1342700.786 2.0167
484 667160.286 1344340.599 2.015
485 668540.401 1345990.182 2.0133
486 669918.355 1348105.538 2.0123
487 671296.024 1353024.282 2.0155
488 672674.903 1354726.783 2.0139
489 674052.875 1356530.684 2.0125
490 675432.98 1362200.722 2.0168
491 676809.414 1363846.56 2.0151
492 678187.373 1365717.384 2.0138
493 679567.483 1371234.746 2.0178
494 680945.129 1372935.877 2.0162
495 682323.096 1374583.428 2.0146
496 683703.198 1376436.607 2.0132
497 685079.944 1382510.616 2.018
498 686458.819 1384159.101 2.0164
499 687838.924 1386097.265 2.0151
500 689215.662 1392833.0 2.0209
501 690594.55 1394535.544 2.0193
502 691972.198 1396443.137 2.0181
503 693350.162 1402759.354 2.0232
504 694729.045 1404407.732 2.0215
505 696107.934 1406110.365 2.02
506 697485.883 1412584.22 2.0253
507 698866.015 1414233.961 2.0236
508 700244.881 1415928.658 2.022
509 701622.841 1417862.458 2.0208
510 703001.728 1424901.722 2.0269
511 704378.154 1426547.803 2.0253
512 705756.123 1428405.381 2.0239
513 707134.998 1434717.714 2.0289
514 708513.877 1436412.398 2.0274
515 709891.843 1438259.89 2.026
516 711270.717 1444204.461 2.0305
517 712648.665 1445906.214 2.0289
518 714028.776 1447555.991 2.0273
519 715407.672 1453681.118 2.032
520 716784.408 1455319.873 2.0303
521 718163.296 1457022.166 2.0288
522 719540.952 1458938.611 2.0276
523 720918.918 1465057.218 2.0322
524 722297.798 1466705.659 2.0306
525 723676.681 1468701.137 2.0295
526 725054.653 1474210.433 2.0332
527 726433.53 1475858.878 2.0317
528 727813.627 1477894.783 2.0306
529 729190.348 1483250.581 2.0341
530 730569.251 1484953.059 2.0326
531 731945.984 1486591.711 2.031
532 733326.102 1492748.749 2.0356
533 734704.97 1494397.084 2.034
534 736081.706 1496097.676 2.0325
535 737460.605 1498133.828 2.0315
536 738840.717 1503688.367 2.0352
537 740217.456 1505381.083 2.0337
538 741596.347 1507452.432 2.0327
539 742976.451 1512753.1 2.0361
540 744353.195 1514399.042 2.0345
541 745732.067 1516542.169 2.0336
542 747110.954 1521808.478 2.0369
543 748488.937 1523502.813 2.0354
544 749867.807 1525151.1 2.0339
545 751245.469 1530683.774 2.0375
546 752624.676 1532332.582 2.036
547 754003.542 1533981.021 2.0344
548 755382.416 1535903.1 2.0333
549 756759.165 1540682.168 2.0359
550 758138.042 1542384.761 2.0344
551 759514.787 1544279.306 2.0332
552 760894.903 1549297.178 2.0362
553 762273.769 1550945.548 2.0346
554 763650.49 1552936.812 2.0336
555 765029.395 1557750.112 2.0362
556 766408.284 1559398.617 2.0347
557 767787.167 1561101.199 2.0332
558 769165.128 1563061.875 2.0322
559 770544.011 1568174.399 2.0352
560 771922.892 1569822.731 2.0337
561 773299.641 1571869.656 2.0327
562 774679.722 1577770.823 2.0367
563 776057.7 1579472.476 2.0353
564 777436.575 1581499.365 2.0342
565 778815.456 1587371.314 2.0382
566 780192.199 1589017.484 2.0367
567 781571.087 1590658.139 2.0352
568 782949.963 1597302.751 2.0401
569 784329.174 1598951.601 2.0386
570 785706.803 1600652.792 2.0372
571 787084.458 1602744.469 2.0363
572 788463.654 1609793.037 2.0417
573 789842.53 1611433.849 2.0402
574 791220.197 1613602.336 2.0394
575 792598.162 1620001.044 2.0439
576 793978.277 1621705.063 2.0425
577 795355.937 1623525.936 2.0413
578 796735.14 1629378.333 2.0451
579 798114.02 1631073.166 2.0437
580 799490.749 1632719.445 2.0422
581 800869.633 1638791.228 2.0463
582 802248.526 1640439.74 2.0448
583 803625.283 1642140.096 2.0434
584 805004.154 1644033.024 2.0423
585 806384.271 1649956.987 2.0461
586 807762.228 1651604.626 2.0447
587 809139.898 1653542.372 2.0436
588 810520.011 1659312.669 2.0472
589 811897.989 1660960.363 2.0458
590 813276.857 1662980.332 2.0448
591 814652.367 1668609.205 2.0482
592 816031.263 1670311.74 2.0469
593 817410.125 1671959.944 2.0454
594 818789.026 1678337.653 2.0498
595 820168.221 1679986.269 2.0483
596 821545.867 1681687.572 2.047
597 822923.806 1683705.675 2.046
598 824303.925 1689519.106 2.0496
599 825682.82 1691221.537 2.0483
600 827059.548 1693288.27 2.0474
601 828437.179 1699212.035 2.0511
602 829817.29 1700861.671 2.0497
603 831195.262 1703007.891 2.0489
604 832572.925 1708944.869 2.0526
605 833953.021 1710648.714 2.0513
606 835329.768 1712295.192 2.0498
607 836709.861 1714421.89 2.049
608 838088.746 1719848.53 2.0521
609 839465.499 1721487.477 2.0507
610 840844.367 1723350.495 2.0495
611 842222.025 1728698.075 2.0525
612 843599.996 1730399.781 2.0512
613 844980.104 1732243.463 2.05
614 846356.858 1737495.722 2.0529
615 847735.739 1739144.159 2.0515
616 849114.6 1741072.44 2.0505
617 850492.567 1746028.546 2.053
618 851871.452 1747676.832 2.0516
619 853251.568 1749380.704 2.0503
620 854629.213 1751287.924 2.0492
621 856005.945 1756233.654 2.0517
622 857386.061 1757883.262 2.0503
623 858764.004 1759877.975 2.0493
624 860142.897 1764924.9 2.0519
625 861520.555 1766626.267 2.0506
626 862899.748 1768604.047 2.0496
627 864277.406 1773546.563 2.0521
628 865656.294 1775249.298 2.0508
629 867035.491 1776898.052 2.0494
630 868414.359 1783134.129 2.0533
631 869790.779 1784779.986 2.052
632 871169.967 1786475.078 2.0507
633 872548.853 1788242.876 2.0494
634 873926.514 1795118.928 2.0541
635 875305.725 1796767.694 2.0527
636 876684.6 1798596.933 2.0516
637 878061.304 1804655.093 2.0553
638 879441.422 1806296.966 2.0539
639 880820.309 1808133.655 2.0528
640 882197.968 1813707.252 2.0559
641 883575.942 1815409.091 2.0546
642 884954.837 1817057.729 2.0533
643 886332.812 1823348.167 2.0572
644 887711.684 1824988.715 2.0558
645 889090.557 1826691.191 2.0546
646 890468.508 1828487.224 2.0534
647 891846.179 1835092.837 2.0576
648 893226.297 1836742.76 2.0563
649 894604.279 1838546.248 2.0552
650 895983.136 1844410.373 2.0585
651 897359.563 1846056.401 2.0572
652 898737.543 1847921.264 2.0561
653 900117.65 1853704.354 2.0594
654 901494.387 1855404.878 2.0581
655 902874.48 1857054.424 2.0568
656 904252.154 1863674.884 2.061
657 905630.112 1865322.439 2.0597
658 907010.23 1866972.253 2.0584
659 908387.877 1868851.697 2.0573
660 909766.772 1874455.194 2.0604
661 911144.736 1876156.843 2.0591
662 912522.411 1877981.928 2.058
663 913901.597 1883573.474 2.061
664 915280.487 1885222.027 2.0597
665 916659.37 1887074.754 2.0586
666 918037.317 1893347.452 2.0624
667 919415.003 1895048.878 2.0611
668 920795.109 1896690.724 2.0598
669 922173.084 1898548.456 2.0588
670 923551.957 1904342.858 2.062
671 924928.386 1905988.7 2.0607
672 926307.553 1907935.245 2.0597
673 927686.448 1913464.04 2.0626
674 929064.104 1915157.391 2.0614
675 930442.068 1917102.487 2.0604
676 931822.159 1923083.366 2.0638
677 933199.809 1924730.586 2.0625
678 934578.984 1926379.311 2.0612
679 935957.887 1932105.37 2.0643
680 937335.55 1933744.96 2.063
681 938712.297 1935445.481 2.0618
682 940092.395 1937474.128 2.0609
683 941470.368 1942545.85 2.0633
684 942849.234 1944194.229 2.062
685 944226.89 1946318.248 2.0613
686 945604.852 1951700.546 2.064
687 946984.957 1953404.279 2.0628
688 948363.836 1955505.093 2.062
689 949741.793 1960768.373 2.0645
690 951119.448 1962469.53 2.0633
691 952497.111 1964109.009 2.0621
692 953875.055 1969352.273 2.0646
693 955253.942 1971000.604 2.0633
694 956632.821 1972703.013 2.0621
695 958012.003 1974869.404 2.0614
696 959390.893 1980133.561 2.0639
697 960768.559 1981773.014 2.0627
698 962147.754 1983605.692 2.0616
699 963526.632 1989222.293 2.0645
700 964904.3 1990869.607 2.0633
701 966282.254 1992808.968 2.0623
702 967661.121 1998194.272 2.065
703 969039.072 1999888.029 2.0638
704 970417.964 2001536.359 2.0626
705 971796.834 2007663.598 2.0659
706 973174.815 2009311.253 2.0647
707 974553.684 2011013.524 2.0635
708 975932.57 2012983.374 2.0626
709 977310.539 2019400.279 2.0663
710 978689.427 2021103.116 2.0651
711 980065.857 2023106.776 2.0643
712 981445.056 2029216.808 2.0676
713 982823.925 2030865.141 2.0664
714 984201.577 2032973.113 2.0656
715 985580.763 2038849.074 2.0687
716 986958.424 2040550.462 2.0675
717 988337.297 2042198.974 2.0663
718 989715.262 2048478.708 2.0698
719 991095.381 2050866.514 2.0693
720 992473.033 2052513.846 2.0681
721 993850.989 2054685.697 2.0674
722 995229.88 2061106.746 2.071
723 996607.846 2062808.225 2.0698
724 997986.717 2064976.202 2.0691
725 999365.606 2070702.741 2.072
726 1000743.58 2072350.367 2.0708
727 1002122.456 2074592.887 2.0702
728 1003501.336 2080934.265 2.0737
729 1004879.294 2082581.747 2.0725
730 1006258.189 2084284.521 2.0713
731 1007634.609 2086519.24 2.0707
732 1009013.789 2092749.305 2.0741
733 1010392.672 2094390.056 2.0728
734 1011770.33 2096268.843 2.0719
735 1013149.512 2102238.628 2.075
736 1014528.401 2103941.132 2.0738
737 1015906.067 2105828.505 2.0729
738 1017285.252 2111916.509 2.076
739 1018664.119 2113557.13 2.0748
740 1020041.781 2115204.291 2.0736
741 1021419.745 2121675.01 2.0772
742 1022798.636 2123323.438 2.076
743 1024176.586 2125024.985 2.0749
744 1025554.243 2126981.045 2.074
745 1026934.357 2132779.049 2.0768
746 1028312.323 2134426.618 2.0757
747 1029691.198 2136492.62 2.0749
748 1031070.084 2142178.511 2.0776
749 1032448.056 2143826.103 2.0764
750 1033826.927 2145915.598 2.0757
751 1035203.367 2151526.527 2.0784
752 1036582.565 2153229.347 2.0772
753 1037961.438 2154877.775 2.0761
754 1039339.098 2160551.107 2.0788
755 1040718.284 2162200.003 2.0776
756 1042097.16 2163902.279 2.0765
757 1043474.811 2165702.684 2.0755
758 1044854.009 2170979.949 2.0778
759 1046231.668 2172627.086 2.0766
760 1047610.546 2174445.795 2.0756
761 1048988.505 2179692.737 2.0779
762 1050367.408 2181341.085 2.0767
763 1051745.372 2183226.938 2.0758
764 1053124.255 2188299.431 2.0779
765 1054503.141 2190001.998 2.0768
766 1055881.09 2191649.559 2.0757
767 1057259.981 2197441.789 2.0784
768 1058638.867 2199090.134 2.0773
769 1060016.812 2200729.692 2.0761
770 1061394.469 2202649.189 2.0752
771 1062772.133 2208898.452 2.0784
772 1064151.31 2210601.074 2.0773
773 1065530.199 2212485.237 2.0764
774 1066907.852 2218762.95 2.0796
775 1068287.045 2220411.722 2.0785
776 1069665.923 2222355.048 2.0776
777 1071043.579 2228541.998 2.0807
778 1072422.778 2230244.947 2.0796
779 1073801.642 2231893.347 2.0785
780 1075179.321 2233790.949 2.0776
781 1076557.288 2240428.751 2.0811
782 1077936.185 2242077.237 2.08
783 1079314.139 2244050.026 2.0791
784 1080691.789 2250446.619 2.0824
785 1082071.898 2252150.313 2.0813
786 1083449.853 2254071.206 2.0805
787 1084828.737 2260329.722 2.0836
788 1086207.603 2261978.01 2.0825
789 1087585.546 2263801.117 2.0815
790 1088964.431 2270468.83 2.085
791 1090340.87 2272114.821 2.0839
792 1091720.06 2273810.016 2.0828
793 1093098.937 2275587.593 2.0818
794 1094476.588 2282136.448 2.0851
795 1095855.756 2283784.944 2.084
796 1097234.652 2285623.996 2.0831
797 1098612.315 2291863.94 2.0861
798 1099991.485 2293559.068 2.0851
799 1101370.384 2295351.237 2.0841
800 1102748.036 2302029.367 2.0875
801 1104126.014 2303731.008 2.0865
802 1105504.879 2305379.383 2.0854
803 1106882.844 2311554.355 2.0883
804 1108261.731 2313195.245 2.0872
805 1109640.63 2314897.995 2.0862
806 1111018.593 2316701.925 2.0852
807 1112397.468 2322486.679 2.0878
808 1113775.122 2324133.64 2.0867
809 1115154.322 2326000.352 2.0858
810 1116533.203 2332258.661 2.0888
811 1117909.646 2333904.847 2.0877
812 1119288.834 2335778.714 2.0868
813 1120667.733 2341455.086 2.0893
814 1122045.377 2343156.209 2.0883
815 1123424.568 2344805.002 2.0872
816 1124802.218 2350478.502 2.0897
817 1126181.109 2352126.983 2.0886
818 1127560.278 2353829.628 2.0875
819 1128939.155 2355748.75 2.0867
820 1130316.807 2361610.734 2.0893
821 1131694.773 2363312.307 2.0883
822 1133073.653 2365148.097 2.0874
823 1134451.616 2370877.36 2.0899
824 1135829.277 2372524.525 2.0888
825 1137209.375 2374492.541 2.088
826 1138587.341 2379886.499 2.0902
827 1139966.223 2381589.032 2.0892
828 1141345.108 2383229.717 2.0881
829 1142723.084 2388952.209 2.0906
830 1144101.936 2390600.37 2.0895
831 1145478.382 2392246.367 2.0884
832 1146857.57 2394308.452 2.0877
833 1148236.458 2399654.441 2.0899
834 1149614.118 2401348.052 2.0888
835 1150993.304 2403422.834 2.0881
836 1152372.168 2408700.726 2.0902
837 1153749.845 2410347.942 2.0891
838 1155129.02 2412513.634 2.0885
839 1156507.9 2418431.23 2.0911
840 1157885.562 2420070.852 2.0901
841 1159263.526 2421772.27 2.0891
842 1160642.388 2423940.647 2.0884
843 1162020.35 2430765.623 2.0918
844 1163399.234 2432413.999 2.0908
845 1164778.121 2434677.921 2.0903
846 1166156.087 2441093.15 2.0933
847 1167534.98 2442795.612 2.0923
848 1168913.854 2445038.578 2.0917
849 1170291.825 2451295.015 2.0946
850 1171670.705 2452943.231 2.0935
851 1173046.211 2454580.721 2.0925
852 1174426.305 2462305.792 2.0966
853 1175805.179 2463954.263 2.0955
854 1177182.843 2465655.595 2.0945
855 1178562.02 2467973.824 2.0941
856 1179940.904 2474549.35 2.0972
857 1181318.56 2476188.683 2.0961
858 1182696.534 2478094.72 2.0953
859 1184076.629 2484453.695 2.0982
860 1185454.28 2486154.94 2.0972
861 1186832.227 2488064.677 2.0964
862 1188211.121 2495023.534 2.0998
863 1189589.088 2496717.553 2.0988
864 1190967.963 2498366.095 2.0978
865 1192346.847 2505265.984 2.1011
866 1193724.808 2506913.428 2.1001
867 1195103.677 2508615.975 2.0991
868 1196482.566 2510622.47 2.0983
869 1197860.527 2516732.967 2.101
870 1199239.394 2518381.419 2.1
871 1200615.836 2520425.177 2.0993
872 1201995.019 2526847.638 2.1022
873 1203373.906 2528496.055 2.1012
874 1204751.549 2530631.183 2.1005
875 1206130.738 2536831.063 2.1033
876 1207509.633 2538533.684 2.1023
877 1208887.28 2540180.638 2.1013
878 1210266.486 2546209.574 2.1038
879 1211645.375 2547858.055 2.1028
880 1213023.036 2549559.544 2.1018
881 1214400.998 2551387.004 2.1009
882 1215779.874 2557256.499 2.1034
883 1217157.826 2558957.781 2.1024
884 1218536.716 2560807.391 2.1015
885 1219915.608 2566596.347 2.1039
886 1221293.566 2568243.651 2.1029
887 1222672.434 2570168.713 2.1021
888 1224051.304 2575490.771 2.1041
889 1225429.262 2577192.228 2.1031
890 1226808.139 2578840.477 2.1021
891 1228184.576 2580734.465 2.1013
892 1229562.535 2586133.759 2.1033
893 1230942.646 2587775.73 2.1023
894 1232320.304 2589750.244 2.1015
895 1233699.471 2595458.501 2.1038
896 1235078.367 2597160.944 2.1028
897 1236456.023 2599104.759 2.1021
898 1237835.223 2604844.46 2.1044
899 1239214.109 2606485.115 2.1033
900 1240591.769 2608496.617 2.1026
901 1241969.73 2613523.584 2.1043
902 1243348.615 2615172.239 2.1033
903 1244726.582 2616873.671 2.1024
904 1246105.458 2618853.215 2.1016
905 1247484.338 2624301.371 2.1037
906 1248862.312 2625948.752 2.1027
907 1250241.192 2627994.119 2.102
908 1251620.069 2633548.442 2.1041
909 1252996.818 2635248.639 2.1032
910 1254376.908 2637041.752 2.1023
911 1255753.339 2643086.316 2.1048
912 1257132.541 2644789.049 2.1038
913 1258511.429 2646437.744 2.1028
914 1259889.084 2653430.935 2.1061
915 1261267.051 2655078.605 2.1051
916 1262647.152 2656782.301 2.1041
917 1264023.902 2658590.847 2.1033
918 1265404.003 2665197.816 2.1062
919 1266782.888 2666846.235 2.1052
920 1268160.53 2668732.611 2.1044
921 1269538.507 2675144.519 2.1072
922 1270917.375 2676792.924 2.1062
923 1272295.328 2678682.289 2.1054
924 1273674.224 2685399.805 2.1084
925 1275053.108 2687102.267 2.1074
926 1276431.074 2688749.819 2.1065
927 1277809.956 2695674.158 2.1096
928 1279188.831 2697322.548 2.1086
929 1280566.802 2699016.38 2.1077
930 1281944.443 2700885.529 2.1069
931 1283322.117 2707404.09 2.1097
932 1284701.305 2709052.844 2.1087
933 1286078.965 2710944.519 2.1079
934 1287457.846 2717590.246 2.1108
935 1288837.037 2719238.985 2.1098
936 1290215.912 2721189.555 2.1091
937 1291592.656 2727581.222 2.1118
938 1292971.534 2729283.701 2.1109
939 1294350.41 2730932.149 2.1099
940 1295728.371 2737346.265 2.1126
941 1297107.241 2738994.648 2.1116
942 1298486.139 2740643.19 2.1106
943 1299864.113 2742599.243 2.1099
944 1301242.97 2748817.379 2.1125
945 1302621.834 2750519.637 2.1115
946 1303999.78 2752273.266 2.1106
947 1305378.666 2758200.491 2.113
948 1306757.554 2759849.078 2.112
949 1308135.535 2761672.414 2.1112
950 1309513.193 2767338.471 2.1133
951 1310890.846 2769039.784 2.1123
952 1312270.032 2770680.823 2.1114
953 1313648.908 2772455.988 2.1105
954 1315026.571 2778003.372 2.1125
955 1316405.748 2779652.0 2.1115
956 1317784.63 2781513.006 2.1107
957 1319162.282 2787351.988 2.113
958 1320541.488 2789047.2 2.112
959 1321920.36 2790938.643 2.1113
960 1323298.012 2796530.259 2.1133
961 1324675.969 2798177.637 2.1123
962 1326054.857 2799826.167 2.1114
963 1327432.85 2805413.231 2.1134
964 1328811.703 2807054.101 2.1125
965 1330190.592 2808756.647 2.1115
966 1331568.571 2810761.257 2.1109
967 1332947.428 2816372.154 2.1129
968 1334326.325 2818020.706 2.1119
969 1335703.047 2820142.101 2.1114
970 1337083.152 2825615.748 2.1133
971 1338459.593 2827315.785 2.1124
972 1339838.779 2829425.914 2.1118
973 1341217.667 2834730.487 2.1135
974 1342595.318 2836431.579 2.1126
975 1343974.518 2838080.666 2.1117
976 1345353.4 2844183.696 2.1141
977 1346731.054 2845830.755 2.1131
978 1348110.239 2847533.492 2.1122
979 1349489.116 2849355.483 2.1114
980 1350866.769 2855085.149 2.1135
981 1352244.726 2856732.542 2.1126
982 1353623.602 2858685.019 2.1119
983 1355001.565 2865076.579 2.1144
984 1356380.462 2866725.129 2.1135
985 1357759.347 2868745.454 2.1129
986 1359137.294 2875880.046 2.116
987 1360516.17 2877582.41 2.1151
988 1361895.052 2879222.997 2.1141
989 1363272.996 2886051.069 2.117
990 1364651.865 2887699.385 2.1161
991 1366028.323 2889399.478 2.1152
992 1367407.502 2891475.78 2.1146
993 1368786.383 2898069.754 2.1173
994 1370164.052 2899763.43 2.1164
995 1371543.223 2901884.734 2.1158
996 1372922.099 2908968.364 2.1188
997 1374299.757 2910615.545 2.1179
998 1375678.972 2912478.395 2.1171
999 1377057.828 2919077.435 2.1198
1000 1378435.485 2920771.09 2.1189
1001 1378435.485 2920771.09 2.1189
