1 1370.02 1425.832 1.0407
2 2743.35 2923.144 1.0655
3 4114.969 4422.479 1.0747
4 5490.031 5921.998 1.0787
5 6863.118 7424.252 1.0818
6 8236.146 8976.408 1.0899
7 9609.1 10672.281 1.1106
8 10981.761 12174.936 1.1087
9 12356.217 13679.359 1.1071
10 13729.238 15178.245 1.1055
11 15099.598 16678.782 1.1046
12 16474.037 18183.424 1.1038
13 17847.242 19687.01 1.1031
14 19220.276 21209.499 1.1035
15 20592.803 23054.994 1.1196
16 21966.012 24554.344 1.1178
17 23338.348 26057.211 1.1165
18 24713.507 27562.896 1.1153
19 26086.6 29066.507 1.1142
20 27459.837 30570.21 1.1133
21 28831.723 32072.647 1.1124
22 30204.868 33601.772 1.1125
23 31576.452 35576.783 1.1267
24 32951.053 37082.012 1.1254
25 34324.132 38585.749 1.1242
26 35697.919 40090.058 1.123
27 37069.625 41592.275 1.122
28 38443.957 43173.045 1.123
29 39816.911 44676.534 1.122
30 41188.849 46770.756 1.1355
31 42561.937 48274.546 1.1342
32 43935.753 49778.967 1.133
33 45307.572 51281.435 1.1319
34 46680.602 52780.951 1.1307
35 48053.559 54284.439 1.1297
36 49428.013 55839.351 1.1297
37 50801.699 57343.655 1.1288
38 52173.579 59521.518 1.1408
39 53547.865 61026.482 1.1397
40 54920.894 62525.98 1.1385
41 56292.712 64028.521 1.1374
42 57665.68 65532.034 1.1364
43 59038.875 67035.841 1.1355
44 60411.465 68599.443 1.1355
45 61785.862 70104.473 1.1346
46 63158.937 72295.306 1.1447
47 64531.907 73799.057 1.1436
48 65904.87 75302.61 1.1426
49 67277.519 76847.024 1.1422
50 68650.661 78350.872 1.1413
51 70022.431 79920.264 1.1414
52 71395.449 81423.979 1.1405
53 72768.491 83637.061 1.1494
54 74142.879 85142.126 1.1484
55 75514.702 86644.519 1.1474
56 76888.499 88148.947 1.1465
57 78262.792 89649.716 1.1455
58 79634.717 91152.216 1.1446
59 81009.059 92739.004 1.1448
60 82380.892 94241.539 1.144
61 83753.847 96462.752 1.1517
62 85126.908 97966.536 1.1508
63 86499.314 99465.42 1.1499
64 87872.347 100969.07 1.149
65 89245.309 102472.738 1.1482
66 90619.041 103977.114 1.1474
67 91992.055 105573.08 1.1476
68 93365.072 107076.81 1.1469
69 94738.27 109297.445 1.1537
70 96112.011 110801.959 1.1528
71 97484.967 112346.789 1.1525
72 98856.571 113849.021 1.1517
73 100229.641 115352.819 1.1509
74 101603.991 116960.933 1.1511
75 102976.526 118459.919 1.1504
76 104350.757 120676.277 1.1564
77 105722.462 122178.646 1.1557
78 107096.797 123683.528 1.1549
79 108468.6 125185.922 1.1541
80 109843.717 126691.681 1.1534
81 111214.123 128188.531 1.1526
82 112588.454 129809.293 1.153
83 113960.276 131311.811 1.1523
84 115333.486 133675.648 1.159
85 116708.483 135181.382 1.1583
86 118080.195 136683.906 1.1576
87 119453.1 138183.168 1.1568
88 120826.126 139686.769 1.1561
89 122199.985 141191.322 1.1554
90 123574.497 142822.902 1.1558
91 124945.064 144324.216 1.1551
92 126319.52 146800.702 1.1621
93 127692.716 148300.355 1.1614
94 129065.673 149803.997 1.1607
95 130438.622 151307.618 1.16
96 131810.317 152809.972 1.1593
97 133185.452 154430.302 1.1595
98 134557.216 155932.745 1.1589
99 135930.239 158379.321 1.1652
100 137303.379 159883.196 1.1645
101 138676.506 161387.127 1.1638
102 140049.56 162890.924 1.1631
103 141422.089 164393.994 1.1624
104 142795.895 165898.698 1.1618
105 144168.547 167523.103 1.162
106 145541.624 169026.835 1.1614
107 146914.648 171502.446 1.1674
108 148287.603 173006.182 1.1667
109 149661.883 174511.21 1.166
110 151035.809 176015.888 1.1654
111 152407.53 177514.148 1.1647
112 153780.601 179017.9 1.1641
113 155153.695 180699.078 1.1646
114 156525.519 183183.169 1.1703
115 157899.739 184688.093 1.1697
116 159272.167 186191.234 1.169
117 160646.573 187692.082 1.1684
118 162019.599 189195.841 1.1677
119 163391.307 190698.425 1.1671
120 164765.212 192319.212 1.1672
121 166136.856 193821.518 1.1666
122 167511.319 196343.5 1.1721
123 168883.085 197841.88 1.1715
124 170256.218 199345.832 1.1709
125 171629.13 200849.494 1.1703
126 173004.309 202355.449 1.1697
127 174377.322 203859.203 1.1691
128 175748.981 205488.19 1.1692
129 177123.435 206989.017 1.1686
130 178495.862 209508.621 1.1737
131 179868.878 211012.31 1.1731
132 181241.919 212516.004 1.1726
133 182615.113 214019.967 1.172
134 183986.872 215518.323 1.1714
135 185361.207 217201.847 1.1718
136 186733.687 218704.967 1.1712
137 188108.144 221272.655 1.1763
138 189481.225 222776.536 1.1757
139 190854.54 224280.679 1.1751
140 192226.369 225778.997 1.1745
141 193598.08 227281.491 1.174
142 194971.101 228785.245 1.1734
143 196344.079 230402.316 1.1735
144 197717.079 231906.097 1.1729
145 199090.897 234478.705 1.1777
146 200465.233 235979.491 1.1772
147 201838.371 237483.419 1.1766
148 203211.384 238987.095 1.1761
149 204583.927 240490.336 1.1755
150 205956.897 241993.976 1.175
151 207329.854 243621.696 1.175
152 208701.58 245119.855 1.1745
153 210075.303 247679.874 1.179
154 211449.76 249185.016 1.1785
155 212822.723 250688.638 1.1779
156 214195.812 252233.583 1.1776
157 215567.579 253736.132 1.1771
158 216940.604 255368.304 1.1771
159 218315.711 256874.083 1.1766
160 219687.468 259437.06 1.1809
161 221059.114 260939.5 1.1804
162 222433.511 262444.581 1.1799
163 223806.539 263948.366 1.1794
164 225180.334 265448.751 1.1788
165 226553.587 266952.768 1.1783
166 227925.245 268598.335 1.1784
167 229298.214 270102.047 1.178
168 230671.579 272690.143 1.1822
169 232045.98 274195.286 1.1816
170 233418.407 275694.301 1.1811
171 234789.383 277196.067 1.1806
172 236163.308 278700.753 1.1801
173 237536.504 280204.775 1.1796
174 238910.969 281863.8 1.1798
175 240284.063 283367.703 1.1793
176 241657.321 285951.174 1.1833
177 243030.299 287454.93 1.1828
178 244403.313 288999.762 1.1825
179 245775.724 290502.924 1.182
180 247148.745 292006.628 1.1815
181 248520.461 293626.655 1.1815
182 249894.859 295127.723 1.181
183 251268.183 297699.81 1.1848
184 252640.136 299202.582 1.1843
185 254013.158 300706.485 1.1838
186 255386.24 302210.374 1.1833
187 256759.983 303714.901 1.1829
188 258134.328 305215.814 1.1824
189 259507.358 306849.854 1.1824
190 260879.068 308352.326 1.182
191 262250.758 311030.305 1.186
192 263624.629 312534.874 1.1855
193 264997.763 314038.868 1.1851
194 266370.856 315538.571 1.1846
195 267745.077 317043.473 1.1841
196 269116.774 318545.969 1.1837
197 270491.901 320192.681 1.1837
198 271865.217 321696.769 1.1833
199 273236.933 324421.101 1.1873
200 274609.842 325920.402 1.1868
201 275983.042 327424.359 1.1864
202 277356.009 328927.955 1.1859
203 278728.363 330430.956 1.1855
204 280102.757 332087.79 1.1856
205 281475.775 333591.541 1.1852
206 282847.352 336204.49 1.1886
207 284221.289 337709.085 1.1882
208 285594.245 339212.743 1.1877
209 286967.328 340716.495 1.1873
210 288340.375 342220.344 1.1869
211 289713.427 343719.992 1.1864
212 291085.269 345384.829 1.1865
213 292460.384 346890.654 1.1861
214 293833.465 349570.183 1.1897
215 295206.607 351074.173 1.1892
216 296579.684 352578.125 1.1888
217 297951.528 354076.597 1.1884
218 299325.812 355581.632 1.1879
219 300699.594 357086.135 1.1875
220 302071.245 358743.315 1.1876
221 303444.252 361368.659 1.1909
222 304815.901 362871.015 1.1905
223 306189.188 364370.866 1.19
224 307563.093 365875.551 1.1896
225 308936.839 367380.025 1.1892
226 310310.497 368884.378 1.1888
227 311683.482 370529.183 1.1888
228 313055.255 372031.691 1.1884
229 314429.704 374690.184 1.1917
230 315801.467 376192.705 1.1912
231 317173.89 377695.847 1.1908
232 318548.172 379200.823 1.1904
233 319921.197 380704.543 1.19
234 321294.93 382209.017 1.1896
235 322666.746 383860.827 1.1897
236 324039.881 385364.692 1.1893
237 325414.117 388017.99 1.1924
238 326785.877 389520.446 1.192
239 328160.996 391026.404 1.1916
240 329532.761 392528.878 1.1912
241 330905.898 394028.544 1.1908
242 332277.669 395742.202 1.191
243 333650.922 397246.245 1.1906
244 335024.058 399935.348 1.1938
245 336397.02 401439.023 1.1933
246 337771.488 402944.343 1.1929
247 339144.615 404443.968 1.1925
248 340517.775 405947.952 1.1921
249 341891.442 407452.36 1.1918
250 343263.099 409141.302 1.1919
251 344634.633 410643.625 1.1915
252 346007.957 413423.079 1.1948
253 347382.358 414923.994 1.1944
254 348756.024 416428.363 1.194
255 350129.109 417932.112 1.1937
256 351500.828 419434.645 1.1933
257 352875.177 420939.596 1.1929
258 354247.697 422588.657 1.1929
259 355620.84 424088.378 1.1925
260 356993.866 426814.852 1.1956
261 358366.849 428318.641 1.1952
262 359739.788 429822.31 1.1948
263 361113.712 431368.182 1.1945
264 362486.677 432871.889 1.1942
265 363859.869 434532.111 1.1942
266 365231.535 436034.513 1.1939
267 366605.939 438757.26 1.1968
268 367978.463 440260.551 1.1964
269 369351.49 441764.261 1.1961
270 370725.883 443269.407 1.1957
271 372097.544 444767.543 1.1953
272 373469.405 446270.189 1.1949
273 374843.803 447950.327 1.195
274 376215.691 449452.968 1.1947
275 377589.01 452229.145 1.1977
276 378962.036 453732.941 1.1973
277 380336.453 455233.934 1.1969
278 381708.263 456736.515 1.1966
279 383082.29 458241.422 1.1962
280 384456.63 459746.514 1.1958
281 385826.976 461441.082 1.196
282 387200.102 462945.003 1.1956
283 388574.389 465661.962 1.1984
284 389947.587 467166.039 1.198
285 391320.069 468710.547 1.1978
286 392693.206 470214.521 1.1974
287 394066.296 471718.41 1.1971
288 395440.736 473433.492 1.1972
289 396812.508 474931.692 1.1969
290 398186.858 477632.847 1.1995
291 399558.623 479135.454 1.1992
292 400931.757 480639.281 1.1988
293 402305.611 482144.016 1.1985
294 403677.209 483642.048 1.1981
295 405051.91 485147.606 1.1977
296 406425.099 486810.445 1.1978
297 407796.759 488312.9 1.1974
298 409171.206 491004.21 1.2
299 410544.363 492508.177 1.1996
300 411917.434 494007.795 1.1993
301 413287.784 495508.975 1.1989
302 414663.059 497014.907 1.1986
303 416036.254 498518.873 1.1983
304 417409.285 500192.345 1.1983
305 418782.303 501696.142 1.198
306 420155.274 504447.035 1.2006
307 421527.161 505990.946 1.2004
308 422900.95 507495.366 1.2
309 424275.407 509000.658 1.1997
310 425648.539 510504.669 1.1994
311 427019.059 512194.342 1.1995
312 428393.39 513695.026 1.1991
313 429766.595 516551.638 1.2019
314 431139.573 518055.301 1.2016
315 432512.038 519558.516 1.2013
316 433886.437 521063.694 1.2009
317 435258.137 522566.141 1.2006
318 436632.471 524066.99 1.2002
319 438005.635 525774.102 1.2004
320 439377.618 527276.943 1.2001
321 440750.63 530087.853 1.2027
322 442123.8 531591.769 1.2024
323 443496.22 533095.074 1.202
324 444869.417 534594.832 1.2017
325 446242.499 536098.609 1.2014
326 447615.044 537602.103 1.201
327 448990.164 539255.079 1.201
328 450361.973 541682.158 1.2028
329 451736.545 543371.823 1.2029
330 453109.459 544871.18 1.2025
331 454479.835 546372.203 1.2022
332 455854.905 547878.056 1.2019
333 457227.983 549381.922 1.2015
334 458599.82 551046.72 1.2016
335 459972.719 552550.319 1.2013
336 461347.238 555264.653 1.2036
337 462720.44 556768.697 1.2033
338 464093.449 558272.591 1.2029
339 465467.371 559777.31 1.2026
340 466840.519 561281.298 1.2023
341 468212.399 562783.873 1.202
342 469585.49 564466.309 1.2021
343 470957.179 565968.72 1.2017
344 472331.588 568781.024 1.2042
345 473704.603 570284.808 1.2039
346 475077.144 571787.998 1.2036
347 476449.99 573291.567 1.2033
348 477824.347 574792.344 1.2029
349 479195.991 576294.786 1.2026
350 480571.101 578043.117 1.2028
351 481942.802 580834.385 1.2052
352 483314.576 582336.945 1.2049
353 484687.542 583840.617 1.2046
354 486062.645 585342.194 1.2043
355 487434.229 586844.467 1.2039
356 488807.435 588348.517 1.2036
357 490181.888 590077.357 1.2038
358 491554.909 591581.034 1.2035
359 492926.75 594345.295 1.2057
360 494300.54 595845.595 1.2054
361 495672.429 597348.234 1.2051
362 497046.77 598853.368 1.2048
363 498419.85 600357.174 1.2045
364 499792.921 601860.968 1.2042
365 501166.06 603528.523 1.2042
366 502537.894 605026.862 1.2039
367 503911.083 607897.266 1.2064
368 505285.495 609402.486 1.2061
369 506657.369 610905.121 1.2058
370 508031.171 612409.718 1.2055
371 509404.247 613950.443 1.2052
372 510777.38 615631.45 1.2053
373 512149.212 617134.129 1.205
374 513522.122 620073.229 1.2075
375 514895.095 621576.945 1.2072
376 516268.88 623081.43 1.2069
377 517643.341 624582.365 1.2066
378 519014.927 626084.671 1.2063
379 520387.947 627588.399 1.206
380 521761.093 629296.181 1.2061
381 523134.252 630800.238 1.2058
382 524507.49 633689.637 1.2082
383 525880.632 635189.348 1.2079
384 527253.178 636692.72 1.2076
385 528626.318 638196.508 1.2073
386 529999.265 639700.344 1.207
387 531372.658 641204.544 1.2067
388 532745.622 642930.381 1.2068
389 534118.583 644429.822 1.2065
390 535493.026 647105.135 1.2084
391 536864.21 648607.238 1.2081
392 538238.786 650112.551 1.2079
393 539610.617 651656.472 1.2076
394 540985.015 653161.683 1.2074
395 542356.671 654804.591 1.2073
396 543729.754 656308.424 1.207
397 545104.807 658762.653 1.2085
398 546476.517 660265.042 1.2082
399 547850.784 661770.021 1.2079
400 549222.571 663272.644 1.2077
401 550594.994 664771.581 1.2074
402 551967.898 666275.266 1.2071
403 553342.121 667933.485 1.2071
404 554715.159 669437.031 1.2068
405 556088.937 671942.23 1.2083
406 557460.585 673444.61 1.2081
407 558834.868 674945.303 1.2078
408 560206.705 676447.963 1.2075
409 561581.697 677953.75 1.2072
410 562954.778 679457.494 1.2069
411 564325.237 681134.723 1.207
412 565699.622 682639.873 1.2067
413 567071.451 685459.998 1.2088
414 568445.853 687006.357 1.2086
415 569818.32 688509.639 1.2083
416 571191.409 690013.497 1.208
417 572565.747 691518.593 1.2078
418 573938.65 693220.717 1.2078
419 575311.006 694719.573 1.2076
420 576685.581 697527.401 1.2095
421 578056.161 699028.931 1.2093
422 579430.488 700533.986 1.209
423 580803.579 702037.835 1.2087
424 582176.609 703541.64 1.2085
425 583549.68 705041.299 1.2082
426 584921.458 706766.859 1.2083
427 586296.679 708272.773 1.208
428 587668.332 711188.555 1.2102
429 589042.903 712693.792 1.2099
430 590414.603 714196.346 1.2097
431 591787.644 715695.854 1.2094
432 593160.778 717199.85 1.2091
433 594533.857 718703.569 1.2089
434 595907.778 720461.873 1.209
435 597280.862 721965.749 1.2088
436 598653.938 725014.326 1.2111
437 600026.973 726513.833 1.2108
438 601399.856 728017.428 1.2105
439 602771.759 729520.148 1.2103
440 604146.326 731025.519 1.21
441 605518.288 732696.578 1.21
442 606890.751 734199.705 1.2098
443 608265.144 737187.421 1.212
444 609637.034 738690.106 1.2117
445 611011.321 740195.166 1.2114
446 612384.277 741698.881 1.2112
447 613756.763 743202.022 1.2109
448 615131.086 744707.007 1.2106
449 616504.062 746399.377 1.2107
450 617877.101 747903.16 1.2104
451 619248.838 750618.559 1.2121
452 620621.403 752121.998 1.2119
453 621994.302 753625.641 1.2116
454 623368.573 755126.323 1.2114
455 624741.559 756630.055 1.2111
456 626113.906 758133.184 1.2109
457 627488.425 759899.171 1.211
458 628861.506 762511.106 1.2125
459 630234.588 764014.83 1.2123
460 631607.008 765513.756 1.212
461 632978.776 767016.259 1.2118
462 634351.973 768520.222 1.2115
463 635725.063 770024.236 1.2113
464 637098.023 771781.969 1.2114
465 638472.422 773287.07 1.2112
466 639844.195 775853.843 1.2126
467 641218.04 777358.251 1.2123
468 642592.496 778863.503 1.2121
469 643965.47 780367.211 1.2118
470 645338.557 781871.035 1.2116
471 646709.06 783372.317 1.2113
472 648083.508 785028.055 1.2113
473 649455.291 786530.557 1.2111
474 650828.479 789007.637 1.2123
475 652202.887 790512.764 1.2121
476 653575.472 792016.108 1.2118
477 654948.563 793519.919 1.2116
478 656323.132 795020.978 1.2113
479 657694.727 796752.284 1.2114
480 659067.916 798256.409 1.2112
481 660439.627 800945.908 1.2127
482 661813.968 802451.039 1.2125
483 663186.458 803954.319 1.2123
484 664560.805 805455.144 1.212
485 665932.342 806957.387 1.2118
486 667305.581 808461.466 1.2115
487 668679.975 810178.947 1.2116
488 670052.527 811682.295 1.2114
489 671426.863 814632.51 1.2133
490 672798.92 816131.319 1.213
491 674171.948 817635.076 1.2128
492 675543.834 819137.788 1.2126
493 676918.281 820643.146 1.2123
494 678290.171 822145.782 1.2121
495 679664.688 823887.915 1.2122
496 681036.398 825386.247 1.212
497 682410.636 828496.628 1.2141
498 683782.326 829999.075 1.2138
499 685157.61 831505.131 1.2136
500 686530.694 833050.21 1.2134
501 687901.028 834551.286 1.2132
502 689275.43 836324.79 1.2133
503 690647.078 837827.197 1.2131
504 692020.161 840890.16 1.2151
505 693395.213 842395.939 1.2149
506 694767.03 843898.455 1.2146
507 696140.12 845402.406 1.2144
508 697514.412 846903.195 1.2142
509 698886.761 848406.195 1.2139
510 700261.454 850085.34 1.214
511 701632.988 851587.722 1.2137
512 703006.002 854360.732 1.2153
513 704377.658 855862.997 1.2151
514 705751.461 857363.309 1.2148
515 707124.597 858867.336 1.2146
516 708497.617 860371.153 1.2144
517 709870.693 861874.91 1.2141
518 711243.813 863583.17 1.2142
519 712617.635 865087.779 1.214
520 713990.605 867785.603 1.2154
521 715362.378 869288.139 1.2152
522 716736.63 870834.187 1.215
523 718109.66 872338.005 1.2148
524 719481.614 873840.823 1.2145
525 720855.348 875580.351 1.2146
526 722228.372 877079.788 1.2144
527 723601.334 879781.205 1.2158
528 724974.473 881285.094 1.2156
529 726348.871 882790.319 1.2154
530 727722.077 884294.311 1.2152
531 729092.844 885791.665 1.2149
532 730467.229 887296.85 1.2147
533 731840.313 889068.475 1.2148
534 733212.129 890571.16 1.2146
535 734587.188 893169.436 1.2159
536 735960.21 894673.235 1.2157
537 737333.34 896172.936 1.2154
538 738705.04 897675.377 1.2152
539 740079.504 899180.458 1.215
540 741451.458 900683.191 1.2148
541 742824.531 902351.963 1.2148
542 744197.079 903855.279 1.2145
543 745570.101 906391.154 1.2157
544 746944.495 907896.336 1.2155
545 748317.532 909400.109 1.2153
546 749689.221 910902.52 1.215
547 751062.304 912406.423 1.2148
548 752437.421 914106.867 1.2149
549 753810.331 915606.235 1.2146
550 755183.302 918254.762 1.2159
551 756555.847 919758.153 1.2157
552 757928.87 921261.996 1.2155
553 759302.015 922765.894 1.2153
554 760673.833 924268.54 1.2151
555 762048.171 925769.435 1.2148
556 763421.268 927500.758 1.2149
557 764793.733 929003.894 1.2147
558 766168.137 932153.262 1.2166
559 767539.95 933655.816 1.2164
560 768914.293 935160.855 1.2162
561 770284.751 936657.83 1.216
562 771659.21 938163.116 1.2158
563 773030.871 939665.563 1.2156
564 774405.384 941427.011 1.2157
565 775779.284 944585.722 1.2176
566 777150.579 946087.881 1.2174
567 778523.668 947587.542 1.2172
568 779898.839 949093.486 1.2169
569 781271.862 950597.362 1.2167
570 782645.011 952101.211 1.2165
571 784016.65 953898.507 1.2167
572 785388.411 955400.97 1.2165
573 786762.221 958228.41 1.2179
574 788136.548 959733.522 1.2177
575 789508.563 961236.278 1.2175
576 790882.943 962741.558 1.2173
577 792254.605 964244.038 1.2171
578 793627.675 965747.743 1.2169
579 795002.082 967413.574 1.2169
580 796374.614 968916.905 1.2167
581 797747.636 971694.149 1.218
582 799120.907 973198.398 1.2178
583 800492.61 974700.855 1.2176
584 801867.063 976206.15 1.2174
585 803238.785 977704.426 1.2172
586 804611.673 979208.067 1.217
587 805986.971 980940.67 1.2171
588 807360.061 983663.301 1.2184
589 808733.015 985167.018 1.2182
590 810105.975 986670.721 1.218
591 811477.862 988169.109 1.2177
592 812851.042 989672.973 1.2175
593 814224.127 991176.926 1.2173
594 815597.272 992896.96 1.2174
595 816970.534 994401.152 1.2172
596 818343.082 997122.264 1.2185
597 819716.103 998621.787 1.2183
598 821089.242 1000125.683 1.218
599 822463.531 1001630.755 1.2178
600 823835.953 1003133.845 1.2176
601 825207.493 1004636.118 1.2174
602 826580.461 1006388.85 1.2175
603 827954.794 1007889.693 1.2173
604 829327.919 1010607.427 1.2186
605 830701.788 1012112.063 1.2184
606 832073.509 1013614.566 1.2182
607 833446.425 1015118.29 1.218
608 834820.742 1016664.574 1.2178
609 836193.409 1018447.424 1.218
610 837566.366 1019951.067 1.2178
611 838938.08 1022445.212 1.2187
612 840312.43 1023950.244 1.2185
613 841684.233 1025452.941 1.2183
614 843058.99 1026954.396 1.2181
615 844431.91 1028458.081 1.2179
616 845804.433 1029961.344 1.2177
617 847178.888 1031637.702 1.2177
618 848551.968 1033141.501 1.2175
619 849925.061 1035866.68 1.2188
620 851296.717 1037364.846 1.2186
621 852670.036 1038868.924 1.2184
622 854042.983 1040372.663 1.2182
623 855414.686 1041875.213 1.218
624 856789.205 1043380.495 1.2178
625 858161.052 1045091.505 1.2178
626 859534.959 1046591.942 1.2176
627 860909.28 1049807.768 1.2194
628 862282.318 1051311.667 1.2192
629 863655.343 1052815.349 1.219
630 865027.765 1054359.691 1.2189
631 866400.962 1055863.694 1.2187
632 867774.042 1057604.162 1.2188
633 869147.234 1059108.21 1.2186
634 870520.49 1061986.18 1.2199
635 871893.458 1063489.891 1.2197
636 873266.367 1064993.457 1.2196
637 874638.198 1066496.026 1.2194
638 876012.711 1067997.018 1.2192
639 877385.307 1069500.4 1.219
640 878759.76 1071281.391 1.2191
641 880130.334 1072782.858 1.2189
642 881503.363 1075590.692 1.2202
643 882876.547 1077094.68 1.22
644 884250.776 1078595.436 1.2198
645 885623.913 1080099.33 1.2196
646 886997.163 1081603.387 1.2194
647 888370.288 1083107.203 1.2192
648 889743.383 1084919.4 1.2194
649 891115.915 1086422.809 1.2192
650 892488.881 1089183.749 1.2204
651 893861.957 1090728.686 1.2202
652 895233.681 1092231.246 1.2201
653 896608.075 1093736.407 1.2199
654 897981.11 1095240.319 1.2197
655 899352.942 1096934.178 1.2197
656 900726.843 1098434.627 1.2195
657 902101.29 1101198.787 1.2207
658 903473.053 1102701.548 1.2205
659 904847.453 1104206.722 1.2203
660 906219.226 1105709.321 1.2201
661 907592.264 1107213.083 1.2199
662 908965.414 1108712.695 1.2198
663 910337.932 1110444.802 1.2198
664 911710.89 1111948.644 1.2196
665 913085.415 1114666.615 1.2208
666 914457.12 1116169.018 1.2206
667 915830.265 1117672.992 1.2204
668 917204.774 1119173.984 1.2202
669 918576.536 1120676.588 1.22
670 919950.99 1122181.799 1.2198
671 921322.819 1123954.132 1.2199
672 922694.763 1125456.894 1.2197
673 924067.784 1128156.52 1.2209
674 925443.088 1129658.383 1.2207
675 926815.034 1131161.222 1.2205
676 928189.19 1132666.054 1.2203
677 929560.846 1134168.449 1.2201
678 930935.23 1135976.165 1.2203
679 932308.972 1137480.535 1.2201
680 933680.92 1140046.564 1.221
681 935052.573 1141549.028 1.2208
682 936425.714 1143053.038 1.2207
683 937799.032 1144557.214 1.2205
684 939172.013 1146060.905 1.2203
685 940545.019 1147564.544 1.2201
686 941919.534 1149244.679 1.2201
687 943292.686 1150748.56 1.2199
688 944665.041 1153642.931 1.2212
689 946037.94 1155146.436 1.221
690 947411.145 1156650.404 1.2209
691 948784.048 1158149.774 1.2207
692 950157.909 1159654.27 1.2205
693 951529.676 1161156.928 1.2203
694 952902.635 1162877.578 1.2204
695 954275.6 1165861.264 1.2217
696 955648.743 1167365.193 1.2215
697 957021.877 1168864.89 1.2214
698 958397.051 1170370.695 1.2212
699 959768.696 1171872.984 1.221
700 961141.619 1173376.693 1.2208
701 962514.81 1175138.513 1.2209
702 963886.579 1176641.087 1.2207
703 965260.499 1179528.046 1.222
704 966633.402 1181031.649 1.2218
705 968007.618 1182536.549 1.2216
706 969379.322 1184038.928 1.2214
707 970753.244 1185543.662 1.2213
708 972126.204 1187047.426 1.2211
709 973499.288 1188841.621 1.2212
710 974873.619 1190346.677 1.221
711 976244.788 1193196.5 1.2222
712 977619.189 1194701.569 1.2221
713 978990.903 1196203.989 1.2219
714 980363.99 1197707.853 1.2217
715 981736.901 1199207.327 1.2215
716 983112.07 1201096.571 1.2217
717 984485.032 1202600.301 1.2216
718 985856.927 1205437.714 1.2227
719 987229.886 1206941.309 1.2226
720 988604.212 1208446.381 1.2224
721 989976.109 1209944.783 1.2222
722 991349.357 1211448.876 1.222
723 992722.447 1212952.699 1.2218
724 994096.234 1214651.906 1.2219
725 995469.37 1216155.693 1.2217
726 996841.082 1218897.181 1.2228
727 998214.293 1220396.966 1.2226
728 999587.484 1221900.887 1.2224
729 1000960.446 1223404.662 1.2222
730 1002334.852 1224909.932 1.2221
731 1003706.017 1226411.797 1.2219
732 1005080.533 1228154.859 1.2219
733 1006453.49 1229654.34 1.2218
734 1007826.639 1232421.608 1.2229
735 1009199.729 1233925.399 1.2227
736 1010572.628 1235429.124 1.2225
737 1011946.355 1236974.451 1.2224
738 1013318.181 1238477.122 1.2222
739 1014691.099 1240248.858 1.2223
740 1016064.353 1241752.742 1.2221
741 1017435.946 1244555.891 1.2232
742 1018809.799 1246060.572 1.2231
743 1020184.139 1247565.614 1.2229
744 1021557.089 1249069.337 1.2227
745 1022930.242 1250569.098 1.2225
746 1024302.063 1252071.534 1.2224
747 1025676.535 1253892.137 1.2225
748 1027049.125 1255395.537 1.2223
749 1028423.461 1258057.12 1.2233
750 1029795.052 1259559.453 1.2231
751 1031166.817 1261057.737 1.2229
752 1032539.84 1262561.508 1.2228
753 1033914.955 1264067.364 1.2226
754 1035287.912 1265571.026 1.2224
755 1036661.112 1267437.067 1.2226
756 1038034.25 1268941.004 1.2224
757 1039407.38 1271781.762 1.2236
758 1040780.463 1273285.757 1.2234
759 1042153.508 1274830.878 1.2233
760 1043525.401 1276333.532 1.2231
761 1044898.58 1277837.499 1.2229
762 1046272.389 1279509.791 1.2229
763 1047644.028 1281007.872 1.2228
764 1049017.057 1284015.562 1.224
765 1050391.507 1285520.754 1.2238
766 1051764.615 1287024.739 1.2237
767 1053136.365 1288527.21 1.2235
768 1054511.596 1290033.177 1.2233
769 1055884.728 1291532.822 1.2232
770 1057256.385 1293249.936 1.2232
771 1058629.402 1294753.587 1.223
772 1060001.048 1297741.735 1.2243
773 1061375.033 1299246.463 1.2241
774 1062748.229 1300746.159 1.2239
775 1064122.507 1302251.276 1.2238
776 1065495.465 1303754.89 1.2236
777 1066868.552 1305258.749 1.2234
778 1068240.334 1307020.804 1.2235
779 1069614.83 1308526.031 1.2234
780 1070988.69 1311497.008 1.2246
781 1072359.202 1312998.289 1.2244
782 1073733.475 1314503.266 1.2242
783 1075106.556 1316007.091 1.2241
784 1076478.277 1317509.651 1.2239
785 1077852.653 1319317.194 1.224
786 1079225.262 1320816.274 1.2239
787 1080599.058 1323690.082 1.225
788 1081972.923 1325194.778 1.2248
789 1083346.001 1326698.655 1.2246
790 1084719.073 1328202.35 1.2245
791 1086090.616 1329704.603 1.2243
792 1087463.818 1331204.366 1.2241
793 1088836.828 1333063.463 1.2243
794 1090209.371 1334566.747 1.2241
795 1091582.268 1337514.417 1.2253
796 1092955.244 1339018.251 1.2251
797 1094328.348 1340522.117 1.225
798 1095701.591 1342022.003 1.2248
799 1097075.502 1343526.73 1.2246
800 1098449.955 1345031.992 1.2245
801 1099821.781 1346731.221 1.2245
802 1101193.48 1349653.888 1.2256
803 1102567.89 1351245.025 1.2255
804 1103939.605 1352743.182 1.2254
805 1105313.992 1354248.34 1.2252
806 1106687.079 1355752.145 1.2251
807 1108059.732 1357255.586 1.2249
808 1109432.702 1359002.919 1.225
809 1110807.036 1360507.987 1.2248
810 1112180.125 1363224.561 1.2257
811 1113550.461 1364725.604 1.2256
812 1114924.192 1366229.945 1.2254
813 1116298.484 1367735.04 1.2252
814 1117670.246 1369237.522 1.2251
815 1119044.506 1370742.542 1.2249
816 1120418.353 1372529.061 1.225
817 1121791.377 1374032.906 1.2249
818 1123164.519 1376688.333 1.2257
819 1124537.647 1378192.233 1.2256
820 1125909.303 1379694.628 1.2254
821 1127280.982 1381196.96 1.2252
822 1128654.142 1382696.727 1.2251
823 1130028.013 1384525.548 1.2252
824 1131402.48 1386077.13 1.2251
825 1132774.253 1388926.998 1.2261
826 1134148.533 1390432.144 1.226
827 1135520.229 1391934.578 1.2258
828 1136895.455 1393436.238 1.2257
829 1138268.483 1394939.965 1.2255
830 1139640.315 1396442.544 1.2253
831 1141013.631 1398330.131 1.2255
832 1142385.331 1399832.517 1.2254
833 1143758.477 1402908.723 1.2266
834 1145132.99 1404409.876 1.2264
835 1146506.078 1405913.769 1.2263
836 1147877.771 1407416.293 1.2261
837 1149252.21 1408921.525 1.2259
838 1150625.983 1410426.139 1.2258
839 1151997.761 1412141.508 1.2258
840 1153371.009 1413641.351 1.2257
841 1154743.978 1416668.608 1.2268
842 1156116.996 1418172.392 1.2267
843 1157489.186 1419675.38 1.2265
844 1158863.691 1421180.738 1.2264
845 1160235.571 1422724.669 1.2262
846 1161608.523 1424481.726 1.2263
847 1162982.921 1425987.005 1.2261
848 1164355.47 1428979.492 1.2273
849 1165727.908 1430482.816 1.2271
850 1167103.006 1431988.608 1.227
851 1168474.801 1433486.916 1.2268
852 1169847.923 1434990.698 1.2266
853 1171220.829 1436494.311 1.2265
854 1172594.01 1438302.942 1.2266
855 1173965.802 1439805.474 1.2264
856 1175339.589 1442883.764 1.2276
857 1176712.556 1444383.224 1.2275
858 1178086.897 1445888.368 1.2273
859 1179460.035 1447392.268 1.2272
860 1180831.877 1448894.873 1.227
861 1182203.58 1450397.344 1.2269
862 1183578.744 1452263.936 1.227
863 1184951.882 1453763.508 1.2269
864 1186325.13 1456780.945 1.228
865 1187696.781 1458283.412 1.2278
866 1189071.112 1459788.461 1.2277
867 1190444.129 1461333.244 1.2276
868 1191816.017 1462835.862 1.2274
869 1193189.931 1464528.77 1.2274
870 1194562.29 1466031.917 1.2273
871 1195934.833 1468948.376 1.2283
872 1197309.182 1470453.487 1.2281
873 1198682.203 1471957.287 1.228
874 1200055.27 1473461.2 1.2278
875 1201428.32 1474960.831 1.2277
876 1202800.209 1476463.6 1.2275
877 1204174.17 1478211.894 1.2276
878 1205548.392 1479716.853 1.2274
879 1206920.15 1482345.841 1.2282
880 1208294.667 1483851.123 1.2281
881 1209665.075 1485347.973 1.2279
882 1211039.45 1486853.131 1.2277
883 1212412.71 1488357.167 1.2276
884 1213785.798 1489861.102 1.2274
885 1215157.585 1491654.239 1.2275
886 1216532.794 1493160.239 1.2274
887 1217905.989 1495847.814 1.2282
888 1219277.695 1497350.266 1.2281
889 1220652.281 1498896.928 1.2279
890 1222025.455 1500400.801 1.2278
891 1223397.297 1501903.47 1.2276
892 1224770.32 1503759.608 1.2278
893 1226142.076 1505257.884 1.2276
894 1227516.417 1508146.295 1.2286
895 1228890.271 1509650.986 1.2285
896 1230263.352 1511154.769 1.2283
897 1231635.124 1512657.233 1.2282
898 1233009.641 1514162.588 1.228
899 1234382.723 1515662.245 1.2279
900 1235755.753 1517554.568 1.228
901 1237127.567 1519057.058 1.2279
902 1238499.294 1522142.411 1.229
903 1239874.506 1523648.398 1.2289
904 1241246.394 1525151.026 1.2287
905 1242619.653 1526650.845 1.2286
906 1243994.099 1528156.1 1.2284
907 1245367.174 1529659.931 1.2283
908 1246740.03 1531378.658 1.2283
909 1248113.234 1532882.547 1.2282
910 1249486.545 1536018.346 1.2293
911 1250858.328 1537557.887 1.2292
912 1252231.33 1539061.694 1.2291
913 1253605.138 1540566.322 1.2289
914 1254978.225 1542070.256 1.2288
915 1256351.186 1543850.495 1.2288
916 1257723.0 1545352.963 1.2287
917 1259097.231 1548427.338 1.2298
918 1260469.728 1549930.585 1.2296
919 1261844.348 1551436.066 1.2295
920 1263217.487 1552940.02 1.2294
921 1264587.948 1554441.271 1.2292
922 1265960.978 1555945.065 1.2291
923 1267335.31 1557783.863 1.2292
924 1268708.262 1559287.551 1.229
925 1270080.933 1562390.989 1.2302
926 1271453.883 1563894.63 1.23
927 1272828.22 1565399.605 1.2299
928 1274200.177 1566902.34 1.2297
929 1275573.195 1568401.903 1.2296
930 1276946.407 1569905.945 1.2294
931 1278318.245 1571778.91 1.2296
932 1279691.368 1574475.531 1.2304
933 1281064.359 1576359.288 1.2305
934 1282439.622 1577861.038 1.2304
935 1283812.761 1579364.997 1.2302
936 1285185.719 1580868.695 1.2301
937 1286558.806 1582372.556 1.2299
938 1287930.569 1584055.243 1.2299
939 1289305.075 1585560.518 1.2298
940 1290676.803 1588426.039 1.2307
941 1292048.794 1589928.894 1.2305
942 1293421.829 1591432.835 1.2304
943 1294795.624 1592937.288 1.2303
944 1296168.778 1594441.271 1.2301
945 1297541.97 1595945.415 1.23
946 1298916.427 1597556.944 1.2299
947 1300288.191 1599059.506 1.2298
948 1301662.657 1601723.659 1.2305
949 1303035.626 1603227.333 1.2304
950 1304408.81 1604731.409 1.2302
951 1305780.571 1606234.034 1.2301
952 1307154.391 1607734.457 1.2299
953 1308527.597 1609238.363 1.2298
954 1309900.562 1610906.642 1.2298
955 1311273.543 1613592.497 1.2306
956 1312646.596 1615096.206 1.2304
957 1314019.789 1616600.186 1.2303
958 1315393.046 1618099.908 1.2301
959 1316765.652 1619603.211 1.23
960 1318138.858 1621107.281 1.2298
961 1319510.685 1622743.816 1.2298
962 1320885.136 1624249.033 1.2297
963 1322257.086 1627087.871 1.2305
964 1323631.55 1628588.974 1.2304
965 1325004.679 1630092.96 1.2303
966 1326377.767 1631596.772 1.2301
967 1327750.839 1633100.611 1.23
968 1329123.997 1634604.736 1.2298
969 1330497.2 1636253.26 1.2298
970 1331870.219 1637752.784 1.2297
971 1333241.944 1640940.85 1.2308
972 1334613.814 1642443.555 1.2307
973 1335988.271 1643948.905 1.2305
974 1337362.186 1645453.644 1.2304
975 1338735.141 1646957.438 1.2302
976 1340108.223 1648653.367 1.2302
977 1341481.304 1650157.231 1.2301
978 1342854.51 1653330.531 1.2312
979 1344227.601 1654834.349 1.2311
980 1345600.676 1656338.263 1.2309
981 1346973.173 1657841.46 1.2308
982 1348345.711 1659340.688 1.2306
983 1349719.509 1660845.287 1.2305
984 1351091.325 1662528.168 1.2305
985 1352464.41 1664031.985 1.2304
986 1353838.746 1667111.841 1.2314
987 1355211.902 1668615.79 1.2313
988 1356584.374 1670114.842 1.2311
989 1357958.77 1671619.981 1.231
990 1359330.649 1673122.573 1.2308
991 1360703.734 1674626.451 1.2307
992 1362075.331 1676372.363 1.2307
993 1363449.733 1677877.524 1.2306
994 1364822.804 1680982.829 1.2316
995 1366196.017 1682486.867 1.2315
996 1367568.62 1683990.353 1.2314
997 1368942.893 1685495.346 1.2312
998 1370315.916 1687040.463 1.2311
999 1371687.465 1688843.245 1.2312
1000 1373062.025 1690344.364 1.2311
1001 1373062.025 1690344.364 1.2311
