1 1368.262 1398.304 1.022
2 2737.741 2814.247 1.0279
3 4108.604 4264.747 1.038
4 5480.113 5682.531 1.0369
5 6852.183 7135.17 1.0413
6 8221.737 8553.709 1.0404
7 9594.643 10007.538 1.043
8 10964.184 11426.252 1.0421
9 12335.053 12878.237 1.044
10 13707.167 14297.295 1.0431
11 15076.68 15716.136 1.0424
12 16446.858 17167.521 1.0438
13 17817.543 18587.583 1.0432
14 19190.53 20053.784 1.045
15 20561.35 21474.014 1.0444
16 21932.073 23045.712 1.0508
17 23303.71 24466.777 1.0499
18 24673.173 25917.46 1.0504
19 26043.967 27337.689 1.0497
20 27416.153 28791.033 1.0501
21 28785.035 30209.358 1.0495
22 30157.113 31660.266 1.0498
23 31527.274 33079.879 1.0492
24 32898.197 34500.255 1.0487
25 34268.957 35952.238 1.0491
26 35639.826 37372.568 1.0486
27 37010.65 38824.665 1.049
28 38383.553 40244.677 1.0485
29 39752.884 41695.203 1.0489
30 41124.552 43116.339 1.0484
31 42495.322 44596.253 1.0494
32 43866.157 46016.559 1.049
33 45236.909 47673.465 1.0539
34 46608.545 49092.215 1.0533
35 47979.406 50544.281 1.0535
36 49348.822 51963.168 1.053
37 50719.677 53383.496 1.0525
38 52091.425 54836.523 1.0527
39 53462.136 56256.708 1.0523
40 54832.876 57706.417 1.0524
41 56204.482 59127.497 1.052
42 57575.13 60579.322 1.0522
43 58946.7 62000.371 1.0518
44 60317.469 63452.354 1.052
45 61688.29 64872.661 1.0516
46 63059.109 66322.44 1.0518
47 64429.387 67742.205 1.0514
48 65800.243 69162.549 1.0511
49 67172.37 70659.618 1.0519
50 68542.625 72079.361 1.0516
51 69912.009 73790.051 1.0555
52 71284.064 75211.595 1.0551
53 72655.748 76664.606 1.0552
54 74025.269 78083.618 1.0548
55 75396.173 79535.848 1.0549
56 76768.381 80957.554 1.0546
57 78138.595 82406.693 1.0546
58 79510.676 83828.271 1.0543
59 80880.206 85279.061 1.0544
60 82253.106 86701.459 1.0541
61 83622.516 88120.366 1.0538
62 84993.225 89572.335 1.0539
63 86364.791 90991.041 1.0536
64 87734.204 92441.703 1.0537
65 89106.341 93863.337 1.0534
66 90477.996 95375.776 1.0541
67 91848.763 96796.041 1.0539
68 93218.252 98518.837 1.0569
69 94589.817 99937.542 1.0565
70 95961.975 101390.951 1.0566
71 97331.431 102809.905 1.0563
72 98700.83 104260.583 1.0563
73 100073.787 105683.037 1.0561
74 101443.176 107101.923 1.0558
75 102813.911 108551.532 1.0558
76 104186.85 109973.968 1.0555
77 105557.782 111426.207 1.0556
78 106928.498 112846.42 1.0553
79 108300.134 114299.31 1.0554
80 109669.652 115718.325 1.0552
81 111039.043 117166.685 1.0552
82 112411.224 118588.363 1.055
83 113782.823 120116.28 1.0557
84 115152.263 121535.217 1.0554
85 116523.008 123261.188 1.0578
86 117895.985 124683.661 1.0576
87 119266.824 126101.64 1.0573
88 120637.781 127553.897 1.0573
89 122008.598 128974.211 1.0571
90 123378.707 130425.622 1.0571
91 124748.124 131844.536 1.0569
92 126120.999 133298.726 1.0569
93 127491.809 134716.676 1.0567
94 128861.322 136167.405 1.0567
95 130232.009 137587.588 1.0565
96 131603.601 139040.442 1.0565
97 132974.369 140460.707 1.0563
98 134346.534 141914.163 1.0563
99 135718.225 143332.994 1.0561
100 137087.543 144751.809 1.0559
101 138457.006 146293.355 1.0566
102 139828.613 147714.459 1.0564
103 141199.369 149525.987 1.059
104 142571.402 150947.517 1.0588
105 143942.961 152397.891 1.0587
106 145313.741 153818.169 1.0585
107 146683.859 155269.594 1.0585
108 148054.676 156689.908 1.0583
109 149425.499 158141.946 1.0583
110 150797.06 159563.004 1.0581
111 152167.797 161012.67 1.0581
112 153537.197 162431.567 1.0579
113 154910.115 163853.981 1.0577
114 156280.994 165306.157 1.0577
115 157651.759 166726.419 1.0576
116 159021.225 168177.181 1.0576
117 160394.154 169597.25 1.0574
118 161765.129 171156.061 1.0581
119 163134.594 172575.023 1.0579
120 164506.151 174446.491 1.0604
121 165875.591 175865.428 1.0602
122 167246.435 177317.615 1.0602
123 168617.281 178735.6 1.06
124 169990.2 180158.016 1.0598
125 171359.551 181608.677 1.0598
126 172730.386 183029.009 1.0596
127 174101.989 184481.863 1.0596
128 175472.808 185902.179 1.0594
129 176844.93 187353.249 1.0594
130 178215.223 188773.039 1.0592
131 179585.878 190224.951 1.0592
132 180955.305 191643.875 1.0591
133 182328.157 193098.0 1.0591
134 183697.516 194514.499 1.0589
135 185069.718 196092.104 1.0596
136 186440.027 197511.91 1.0594
137 187810.836 198932.216 1.0592
138 189183.006 200833.686 1.0616
139 190552.484 202252.661 1.0614
140 191924.084 203703.194 1.0614
141 193293.539 205122.145 1.0612
142 194664.34 206574.152 1.0612
143 196037.286 207996.595 1.061
144 197407.968 209448.532 1.061
145 198777.306 210867.366 1.0608
146 200150.248 212319.269 1.0608
147 201519.65 213738.168 1.0606
148 202891.822 215191.571 1.0606
149 204262.237 216611.482 1.0605
150 205633.056 218031.798 1.0603
151 207002.536 219482.631 1.0603
152 208373.37 220900.605 1.0601
153 209744.883 222478.958 1.0607
154 211117.074 223900.646 1.0606
155 212486.49 225802.333 1.0627
156 213858.173 227223.514 1.0625
157 215230.397 228677.022 1.0625
158 216601.171 230094.937 1.0623
159 217972.009 231547.09 1.0623
160 219342.219 232966.796 1.0621
161 220712.965 234418.844 1.0621
162 222083.774 235839.15 1.0619
163 223455.442 237260.315 1.0618
164 224824.836 238708.593 1.0618
165 226195.733 240128.988 1.0616
166 227566.644 241581.221 1.0616
167 228938.266 243002.339 1.0614
168 230310.266 244455.637 1.0614
169 231679.744 245874.612 1.0613
170 233051.262 247448.039 1.0618
171 234420.656 248866.93 1.0616
172 235792.88 250749.141 1.0634
173 237163.099 252168.856 1.0633
174 238533.988 253620.94 1.0632
175 239906.216 255042.665 1.0631
176 241277.056 256460.645 1.0629
177 242648.609 257913.498 1.0629
178 244019.419 259333.805 1.0628
179 245388.868 260784.525 1.0627
180 246761.768 262206.922 1.0626
181 248129.959 263656.347 1.0626
182 249502.145 265075.673 1.0624
183 250871.73 266526.552 1.0624
184 252242.504 267946.822 1.0623
185 253615.404 269401.014 1.0622
186 254986.191 270821.299 1.0621
187 256356.999 272241.603 1.062
188 257727.253 273808.963 1.0624
189 259098.011 275229.218 1.0623
190 260468.811 277124.463 1.0639
191 261840.487 278545.637 1.0638
192 263209.973 279996.405 1.0638
193 264580.643 281416.572 1.0636
194 265952.225 282867.085 1.0636
195 267322.936 284287.293 1.0635
196 268695.078 285740.687 1.0634
197 270066.591 287161.697 1.0633
198 271437.368 288613.793 1.0633
199 272807.522 290033.444 1.0631
200 274178.432 291451.494 1.063
201 275549.294 292903.686 1.063
202 276920.04 294323.929 1.0628
203 278291.554 295776.733 1.0628
204 279662.295 297196.97 1.0627
205 281031.776 298781.522 1.0632
206 282404.819 300201.705 1.063
207 283775.583 302143.978 1.0647
208 285145.049 303562.94 1.0646
209 286516.533 305015.692 1.0646
210 287887.295 306435.951 1.0644
211 289258.066 307885.638 1.0644
212 290628.387 309305.456 1.0643
213 292000.417 310726.982 1.0641
214 293369.894 312177.719 1.0641
215 294740.704 313598.026 1.064
216 296112.313 315050.808 1.064
217 297484.533 316470.169 1.0638
218 298855.242 317922.162 1.0638
219 300225.511 319341.928 1.0637
220 301596.334 320794.047 1.0637
221 302965.711 322212.921 1.0635
222 304338.74 323794.423 1.0639
223 305709.442 325212.266 1.0638
224 307080.285 327181.743 1.0655
225 308449.759 328600.714 1.0653
226 309822.784 330023.235 1.0652
227 311193.471 331475.242 1.0652
228 312564.409 332895.676 1.065
229 313936.006 334346.17 1.065
230 315306.695 335766.356 1.0649
231 316676.152 337217.047 1.0649
232 318047.719 338638.112 1.0647
233 319418.506 340090.155 1.0647
234 320789.248 341510.393 1.0646
235 322159.524 342959.596 1.0646
236 323530.318 344379.887 1.0644
237 324901.064 345831.905 1.0644
238 326272.672 347253.009 1.0643
239 327643.562 348673.396 1.0642
240 329014.329 350266.101 1.0646
241 330385.128 351684.06 1.0645
242 331756.759 353647.304 1.066
243 333127.541 355067.583 1.0659
244 334498.193 356519.515 1.0658
245 335869.846 357940.664 1.0657
246 337239.262 359391.353 1.0657
247 338611.501 360810.732 1.0656
248 339983.136 362263.632 1.0655
249 341352.515 363682.509 1.0654
250 342723.457 365102.948 1.0653
251 344094.207 366555.011 1.0653
252 345464.426 367974.727 1.0652
253 346835.146 369424.379 1.0651
254 348207.295 370846.025 1.065
255 349577.556 372435.715 1.0654
256 350949.628 373857.284 1.0653
257 352319.118 375308.07 1.0653
258 353692.036 376730.485 1.0651
259 355061.457 378617.515 1.0663
260 356432.27 380037.825 1.0662
261 357803.773 381490.675 1.0662
262 359174.403 382910.802 1.0661
263 360544.721 384330.617 1.066
264 361915.474 385782.719 1.0659
265 363286.234 387200.619 1.0658
266 364657.056 388652.772 1.0658
267 366030.041 390075.254 1.0657
268 367400.747 391527.158 1.0657
269 368770.989 392946.897 1.0656
270 370143.126 394400.305 1.0655
271 371512.597 395816.915 1.0654
272 372882.084 397409.237 1.0658
273 374255.052 398831.702 1.0657
274 375624.516 400282.404 1.0656
275 376996.732 401704.117 1.0655
276 378367.534 403124.416 1.0654
277 379739.097 405092.377 1.0668
278 381109.909 406512.687 1.0667
279 382479.332 407963.291 1.0666
280 383852.345 409385.801 1.0665
281 385221.658 410836.465 1.0665
282 386592.512 412256.816 1.0664
283 387964.175 413707.513 1.0664
284 389333.577 415126.412 1.0662
285 390705.728 416579.79 1.0662
286 392075.164 417998.723 1.0661
287 393446.788 419451.587 1.0661
288 394818.979 420873.275 1.066
289 396189.859 422291.295 1.0659
290 397561.389 423870.8 1.0662
291 398929.431 425288.338 1.0661
292 400300.074 426740.204 1.0661
293 401673.006 428162.633 1.0659
294 403042.467 430174.283 1.0673
295 404414.595 431595.908 1.0672
296 405784.842 433047.44 1.0672
297 407155.568 434467.663 1.0671
298 408527.671 435920.939 1.0671
299 409899.288 437342.053 1.067
300 411270.035 438791.659 1.0669
301 412639.43 440210.551 1.0668
302 414010.988 441631.606 1.0667
303 415381.905 443083.801 1.0667
304 416752.742 444504.134 1.0666
305 418122.977 445955.68 1.0666
306 419495.202 447375.045 1.0665
307 420865.963 448967.419 1.0668
308 422235.467 450386.42 1.0667
309 423606.408 451838.654 1.0666
310 424978.04 453259.783 1.0665
311 426348.881 455294.394 1.0679
312 427718.291 456710.944 1.0678
313 429089.919 458163.88 1.0678
314 430462.099 459585.557 1.0677
315 431831.505 461004.46 1.0676
316 433203.052 462457.268 1.0675
317 434575.087 463878.8 1.0674
318 435945.96 465328.686 1.0674
319 437317.583 466749.806 1.0673
320 438687.028 468200.625 1.0673
321 440057.801 469620.895 1.0672
322 441429.32 471073.669 1.0672
323 442800.007 472493.853 1.0671
324 444170.738 474064.737 1.0673
325 445542.424 475485.919 1.0672
326 446913.336 476906.328 1.0671
327 448282.753 478357.126 1.0671
328 449653.552 479777.422 1.067
329 451026.517 481674.614 1.068
330 452397.26 483092.497 1.0679
331 453766.709 484543.225 1.0678
332 455136.257 485962.27 1.0677
333 456509.227 487416.533 1.0677
334 457878.713 488835.516 1.0676
335 459249.531 490287.621 1.0676
336 460621.19 491706.419 1.0675
337 461991.935 493158.442 1.0675
338 463363.989 494579.993 1.0674
339 464735.65 496001.151 1.0673
340 466106.433 497453.165 1.0673
341 467474.563 498870.792 1.0672
342 468845.468 500475.708 1.0675
343 470218.429 501898.166 1.0674
344 471587.906 503348.917 1.0673
345 472959.988 504770.496 1.0673
346 474330.177 506733.0 1.0683
347 475702.271 508154.59 1.0682
348 477072.991 509604.233 1.0682
349 478443.206 511023.945 1.0681
350 479815.34 512477.287 1.0681
351 481183.516 513894.96 1.068
352 482554.468 515315.408 1.0679
353 483926.056 516768.396 1.0679
354 485298.214 518187.694 1.0678
355 486669.033 519639.679 1.0677
356 488039.161 521059.304 1.0677
357 489411.238 522512.611 1.0676
358 490780.691 523931.56 1.0675
359 492152.32 525550.175 1.0679
360 493524.419 526969.414 1.0678
361 494893.958 528420.253 1.0677
362 496264.259 529840.051 1.0677
363 497635.1 531879.173 1.0688
364 499007.34 533300.91 1.0687
365 500376.881 534719.947 1.0686
366 501748.975 536171.052 1.0686
367 503119.274 537590.847 1.0685
368 504491.438 539044.296 1.0685
369 505862.268 540464.623 1.0684
370 507233.785 541917.443 1.0684
371 508603.107 543333.905 1.0683
372 509972.616 544784.637 1.0683
373 511345.46 546206.978 1.0682
374 512716.224 547659.024 1.0682
375 514087.027 549079.323 1.0681
376 515457.388 550690.575 1.0684
377 516829.519 552140.66 1.0683
378 518200.325 553560.963 1.0682
379 519570.529 555012.447 1.0682
380 520941.319 556432.734 1.0681
381 522312.061 558504.485 1.0693
382 523682.388 559924.309 1.0692
383 525054.481 561375.262 1.0692
384 526425.32 562795.598 1.0691
385 527794.798 564246.269 1.0691
386 529167.745 565668.713 1.069
387 530538.645 567120.824 1.069
388 531909.453 568541.129 1.0689
389 533278.953 569957.769 1.0688
390 534651.795 571411.835 1.0688
391 536021.34 572830.877 1.0687
392 537392.11 574282.992 1.0686
393 538763.029 575703.408 1.0686
394 540134.563 577328.593 1.0689
395 541505.354 578746.524 1.0688
396 542876.927 580199.417 1.0687
397 544247.695 581619.681 1.0687
398 545618.554 583566.113 1.0695
399 546988.042 584985.098 1.0695
400 548361.008 586439.438 1.0694
401 549730.545 587856.116 1.0694
402 551101.486 589276.553 1.0693
403 552470.886 590727.386 1.0692
404 553841.784 592147.78 1.0692
405 555214.737 593602.094 1.0691
406 556584.231 595021.085 1.0691
407 557954.955 596470.742 1.069
408 559327.825 597893.11 1.0689
409 560698.649 599345.198 1.0689
410 562068.068 600764.114 1.0688
411 563438.41 602410.096 1.0692
412 564809.122 603830.306 1.0691
413 566179.862 605279.936 1.0691
414 567552.84 606702.41 1.069
415 568923.549 608122.617 1.0689
416 570294.486 610075.345 1.0698
417 571666.044 611496.401 1.0697
418 573035.417 612947.11 1.0696
419 574406.214 614365.047 1.0696
420 575777.778 615817.952 1.0695
421 577147.209 617236.879 1.0695
422 578519.383 618690.32 1.0694
423 579888.886 620109.321 1.0694
424 581261.793 621563.503 1.0693
425 582632.555 622981.405 1.0693
426 584002.797 624432.919 1.0692
427 585374.955 625854.574 1.0692
428 586744.44 627273.556 1.0691
429 588116.504 628904.617 1.0694
430 589486.886 630324.496 1.0693
431 590856.461 631773.053 1.0692
432 592227.19 633193.279 1.0692
433 593597.887 635259.459 1.0702
434 594971.049 636682.117 1.0701
435 596340.449 638132.82 1.0701
436 597711.169 639553.037 1.07
437 599082.84 641003.709 1.07
438 600453.605 642423.971 1.0699
439 601824.32 643844.183 1.0698
440 603195.917 645296.964 1.0698
441 604566.804 646717.348 1.0697
442 605936.242 648168.031 1.0697
443 607308.36 649587.289 1.0696
444 608678.614 651038.83 1.0696
445 610050.676 652460.389 1.0695
446 611420.136 654115.819 1.0698
447 612793.085 655538.266 1.0698
448 614163.888 656990.326 1.0697
449 615534.595 658408.173 1.0697
450 616906.177 660563.51 1.0708
451 618274.205 661981.034 1.0707
452 619644.998 663401.324 1.0706
453 621018.058 664855.732 1.0706
454 622387.55 666272.364 1.0705
455 623759.645 667725.765 1.0705
456 625129.913 669145.53 1.0704
457 626500.771 670597.663 1.0704
458 627871.503 672017.893 1.0703
459 629243.69 673471.347 1.0703
460 630613.836 674888.633 1.0702
461 631984.54 676340.627 1.0702
462 633354.805 677760.389 1.0701
463 634726.82 679389.375 1.0704
464 636097.569 680809.62 1.0703
465 637467.839 682229.388 1.0702
466 638839.93 683680.398 1.0702
467 640210.631 685100.595 1.0701
468 641582.187 687107.693 1.071
469 642952.938 688527.941 1.0709
470 644323.159 689979.471 1.0709
471 645693.939 691399.748 1.0708
472 647064.734 692849.574 1.0708
473 648435.572 694269.909 1.0707
474 649805.879 695721.495 1.0707
475 651178.144 697143.258 1.0706
476 652548.887 698595.322 1.0706
477 653919.727 700015.658 1.0705
478 655291.345 701434.416 1.0704
479 656661.993 702886.336 1.0704
480 658032.165 704306.004 1.0703
481 659402.918 705963.018 1.0706
482 660773.689 707383.286 1.0705
483 662143.911 708834.761 1.0705
484 663515.986 710253.977 1.0704
485 664886.835 712183.825 1.0711
486 666257.013 713603.499 1.0711
487 667627.793 715055.572 1.071
488 669000.054 716477.33 1.071
489 670370.238 717928.835 1.0709
490 671742.284 719348.021 1.0709
491 673111.758 720766.991 1.0708
492 674483.341 722219.802 1.0708
493 675852.884 723638.842 1.0707
494 677223.677 725090.981 1.0707
495 678595.849 726512.649 1.0706
496 679967.5 727963.279 1.0706
497 681338.167 729383.443 1.0705
498 682707.617 731024.754 1.0708
499 684080.545 732447.18 1.0707
500 685451.211 733899.093 1.0707
501 686819.298 735316.677 1.0706
502 688192.314 737380.446 1.0715
503 689563.039 738800.667 1.0714
504 690934.529 740221.655 1.0713
505 692304.041 741672.439 1.0713
506 693676.228 743094.123 1.0712
507 695047.018 744546.252 1.0712
508 696418.653 745965.027 1.0711
509 697789.454 747417.138 1.0711
510 699160.163 748837.343 1.0711
511 700530.376 750288.745 1.071
512 701901.137 751709.002 1.071
513 703272.038 753161.152 1.0709
514 704642.904 754579.158 1.0709
515 706013.3 755999.051 1.0708
516 707385.359 757658.056 1.0711
517 708754.847 759077.041 1.071
518 710127.751 760531.225 1.071
519 711497.238 761950.209 1.0709
520 712867.997 764123.527 1.0719
521 714238.811 765543.838 1.0718
522 715609.155 766995.521 1.0718
523 716979.925 768415.787 1.0717
524 718352.09 769869.21 1.0717
525 719722.946 771289.562 1.0716
526 721094.523 772740.052 1.0716
527 722465.205 774160.231 1.0716
528 723835.441 775579.964 1.0715
529 725207.654 777033.484 1.0715
530 726578.514 778453.841 1.0714
531 727947.967 779902.206 1.0714
532 729319.582 781323.317 1.0713
533 730690.43 782949.202 1.0715
534 732060.005 784368.273 1.0715
535 733430.837 785820.454 1.0714
536 734801.676 787240.79 1.0714
537 736174.672 789361.526 1.0722
538 737545.554 790781.906 1.0722
539 738914.986 792232.585 1.0722
540 740287.841 793654.938 1.0721
541 741657.242 795073.836 1.072
542 743026.687 796524.609 1.072
543 744398.234 797943.295 1.0719
544 745769.065 799395.413 1.0719
545 747139.908 800815.753 1.0718
546 748512.835 802269.966 1.0718
547 749883.74 803690.368 1.0718
548 751253.173 805141.051 1.0717
549 752625.352 806560.37 1.0717
550 753994.857 808230.221 1.0719
551 755365.205 809650.065 1.0719
552 756736.084 811102.321 1.0718
553 758108.242 812523.977 1.0718
554 759479.042 813944.273 1.0717
555 760850.502 815668.519 1.072
556 762221.299 817088.813 1.072
557 763592.879 818541.611 1.072
558 764963.693 819961.922 1.0719
559 766334.52 821414.055 1.0719
560 767704.013 822833.045 1.0718
561 769074.315 824282.325 1.0718
562 770444.974 825702.481 1.0717
563 771815.791 827154.48 1.0717
564 773188.702 828576.888 1.0716
565 774558.13 830027.564 1.0716
566 775929.601 831448.531 1.0716
567 777301.708 832867.779 1.0715
568 778672.651 834503.092 1.0717
569 780041.992 835921.93 1.0716
570 781415.01 837376.253 1.0716
571 782784.418 838795.157 1.0716
572 784153.94 840773.091 1.0722
573 785524.722 842191.013 1.0721
574 786896.402 843643.993 1.0721
575 788268.514 845065.602 1.0721
576 789639.263 846517.686 1.072
577 791010.92 847938.84 1.072
578 792380.303 849357.72 1.0719
579 793751.037 850807.387 1.0719
580 795123.97 852229.816 1.0718
581 796493.413 853680.547 1.0718
582 797864.195 855100.827 1.0717
583 799235.814 856553.807 1.0717
584 800606.523 857974.013 1.0717
585 801977.266 859634.827 1.0719
586 803348.792 861055.85 1.0718
587 804719.628 862507.928 1.0718
588 806090.419 863928.216 1.0718
589 807460.67 866116.811 1.0726
590 808832.959 867538.597 1.0726
591 810202.383 868955.162 1.0725
592 811573.251 870407.324 1.0725
593 812944.889 871828.459 1.0724
594 814315.615 873280.521 1.0724
595 815686.367 874700.769 1.0723
596 817056.679 876152.391 1.0723
597 818427.466 877570.319 1.0723
598 819798.412 879022.589 1.0722
599 821169.206 880442.88 1.0722
600 822540.753 881895.715 1.0722
601 823910.08 883314.539 1.0721
602 825281.653 884953.03 1.0723
603 826653.604 886372.121 1.0722
604 828023.178 887791.191 1.0722
605 829394.812 889243.971 1.0722
606 830766.972 890665.628 1.0721
607 832136.313 892918.01 1.073
608 833507.142 894338.337 1.073
609 834880.008 895790.118 1.073
610 836249.402 897209.009 1.0729
611 837620.289 898661.087 1.0729
612 838991.887 900082.181 1.0728
613 840362.623 901534.214 1.0728
614 841733.399 902952.129 1.0727
615 843105.063 904405.034 1.0727
616 844475.784 905825.251 1.0726
617 845846.602 907245.567 1.0726
618 847216.698 908696.952 1.0726
619 848588.845 910118.596 1.0725
620 849960.316 911736.34 1.0727
621 851329.791 913155.312 1.0726
622 852700.691 914607.485 1.0726
623 854071.474 916027.765 1.0725
624 855443.064 917939.439 1.0731
625 856813.894 919359.766 1.073
626 858183.406 920808.114 1.073
627 859556.363 922230.568 1.0729
628 860926.992 923682.437 1.0729
629 862297.865 925102.806 1.0728
630 863669.342 926523.78 1.0728
631 865037.45 927973.194 1.0728
632 866409.519 929392.402 1.0727
633 867781.117 930845.305 1.0727
634 869151.917 932265.602 1.0726
635 870522.715 933717.661 1.0726
636 871893.051 935137.493 1.0725
637 873263.919 936798.805 1.0728
638 874634.682 938216.708 1.0727
639 876006.757 939670.04 1.0727
640 877377.042 941089.821 1.0726
641 878746.492 942900.311 1.073
642 880118.665 944337.018 1.073
643 881488.954 945756.804 1.0729
644 882859.709 947206.516 1.0729
645 884231.795 948628.099 1.0728
646 885603.427 950080.967 1.0728
647 886974.222 951501.259 1.0727
648 888343.701 952951.992 1.0727
649 889714.535 954372.322 1.0727
650 891087.585 955824.36 1.0726
651 892455.674 957241.946 1.0726
652 893826.49 958694.046 1.0726
653 895198.038 960115.092 1.0725
654 896570.079 961536.63 1.0725
655 897939.514 963167.065 1.0726
656 899311.17 964585.861 1.0726
657 900681.898 966037.862 1.0726
658 902053.988 967459.449 1.0725
659 903424.221 969510.814 1.0732
660 904796.427 970932.517 1.0731
661 906166.131 972383.583 1.0731
662 907535.577 973800.168 1.073
663 908906.405 975252.296 1.073
664 910278.013 976673.401 1.0729
665 911650.059 978126.693 1.0729
666 913019.566 979545.697 1.0729
667 914391.234 980966.862 1.0728
668 915763.277 982417.798 1.0728
669 917134.101 983838.119 1.0727
670 918505.524 985290.724 1.0727
671 919873.647 986708.343 1.0727
672 921245.691 988374.786 1.0729
673 922616.024 989794.616 1.0728
674 923988.052 991245.571 1.0728
675 925357.52 992664.536 1.0727
676 926729.029 994983.639 1.0737
677 928101.144 996405.252 1.0736
678 929472.637 997858.01 1.0736
679 930841.96 999276.83 1.0735
680 932213.463 1000695.473 1.0735
681 933584.174 1002147.469 1.0734
682 934955.012 1003567.804 1.0734
683 936324.479 1005018.473 1.0734
684 937697.37 1006440.861 1.0733
685 939068.231 1007892.898 1.0733
686 940439.099 1009310.907 1.0732
687 941809.358 1010762.465 1.0732
688 943180.173 1012182.777 1.0732
689 944552.372 1013817.801 1.0733
690 945921.831 1015236.757 1.0733
691 947292.186 1016686.027 1.0733
692 948664.209 1018107.547 1.0732
693 950034.994 1019527.829 1.0731
694 951405.878 1021542.414 1.0737
695 952777.57 1022963.603 1.0737
696 954148.351 1024415.615 1.0736
697 955519.211 1025833.615 1.0736
698 956889.478 1027285.185 1.0736
699 958261.506 1028706.71 1.0735
700 959632.335 1030158.818 1.0735
701 961000.459 1031576.439 1.0734
702 962373.398 1033030.673 1.0734
703 963742.876 1034447.291 1.0734
704 965114.966 1035900.631 1.0733
705 966485.137 1037320.3 1.0733
706 967855.873 1038740.532 1.0732
707 969226.707 1040414.95 1.0734
708 970599.645 1041837.385 1.0734
709 971969.103 1043285.822 1.0734
710 973339.929 1044706.144 1.0733
711 974711.534 1046615.277 1.0738
712 976082.265 1048035.504 1.0737
713 977453.002 1049487.545 1.0737
714 978823.237 1050907.277 1.0736
715 980195.352 1052358.26 1.0736
716 981566.107 1053778.513 1.0736
717 982936.366 1055229.999 1.0735
718 984307.235 1056650.364 1.0735
719 985679.388 1058072.015 1.0734
720 987049.647 1059523.595 1.0734
721 988420.406 1060941.493 1.0734
722 989791.18 1062393.579 1.0734
723 991162.027 1063813.923 1.0733
724 992533.534 1065452.094 1.0735
725 993904.446 1066872.503 1.0734
726 995273.855 1068323.19 1.0734
727 996646.717 1069743.192 1.0733
728 998017.55 1071583.268 1.0737
729 999388.356 1073003.571 1.0737
730 1000758.531 1074423.243 1.0736
731 1002129.337 1075875.317 1.0736
732 1003498.696 1077294.173 1.0735
733 1004871.737 1078746.174 1.0735
734 1006241.204 1080165.139 1.0735
735 1007613.336 1081618.652 1.0734
736 1008983.398 1083038.21 1.0734
737 1010354.208 1084490.268 1.0734
738 1011724.957 1085910.514 1.0733
739 1013097.898 1087362.409 1.0733
740 1014468.742 1088782.75 1.0733
741 1015838.16 1090464.617 1.0735
742 1017209.776 1091885.73 1.0734
743 1018580.457 1093305.907 1.0734
744 1019951.384 1094758.087 1.0733
745 1021322.96 1096176.803 1.0733
746 1022692.449 1098437.491 1.0741
747 1024063.334 1099857.873 1.074
748 1025435.505 1101311.433 1.074
749 1026807.021 1102732.445 1.0739
750 1028177.804 1104184.462 1.0739
751 1029546.014 1105599.812 1.0739
752 1030917.509 1107052.597 1.0739
753 1032289.575 1108474.159 1.0738
754 1033660.263 1109926.111 1.0738
755 1035031.914 1111347.258 1.0737
756 1036402.793 1112767.634 1.0737
757 1037773.461 1114217.223 1.0737
758 1039144.993 1115638.252 1.0736
759 1040515.886 1117285.345 1.0738
760 1041886.646 1118705.602 1.0737
761 1043255.481 1120155.766 1.0737
762 1044627.533 1121577.316 1.0737
763 1045998.353 1123788.164 1.0744
764 1047368.623 1125207.931 1.0743
765 1048739.388 1126659.994 1.0743
766 1050111.534 1128081.637 1.0742
767 1051483.132 1129534.505 1.0742
768 1052853.827 1130954.697 1.0742
769 1054224.536 1132372.546 1.0741
770 1055594.758 1133823.941 1.0741
771 1056964.247 1135242.927 1.0741
772 1058336.445 1136696.382 1.074
773 1059708.091 1138117.526 1.074
774 1061077.583 1139566.044 1.074
775 1062449.802 1140987.759 1.0739
776 1063820.63 1142669.857 1.0741
777 1065190.89 1144089.614 1.0741
778 1066562.958 1145542.959 1.0741
779 1067933.779 1146963.277 1.074
780 1069304.013 1148862.783 1.0744
781 1070674.751 1150283.018 1.0744
782 1072044.245 1151702.008 1.0743
783 1073416.386 1153155.501 1.0743
784 1074787.955 1154576.567 1.0742
785 1076157.43 1156027.353 1.0742
786 1077528.264 1157445.327 1.0742
787 1078899.916 1158898.324 1.0741
788 1080272.037 1160319.942 1.0741
789 1081642.846 1161772.016 1.0741
790 1083012.315 1163190.982 1.074
791 1084382.509 1164642.397 1.074
792 1085754.654 1166061.682 1.074
793 1087124.127 1167480.652 1.0739
794 1088495.824 1169131.919 1.0741
795 1089868.015 1170553.607 1.074
796 1091238.85 1172005.697 1.074
797 1092609.641 1173425.984 1.074
798 1093979.862 1175386.93 1.0744
799 1095350.652 1176807.216 1.0744
800 1096721.379 1178259.115 1.0743
801 1098091.564 1179678.797 1.0743
802 1099462.357 1181130.805 1.0743
803 1100835.263 1182553.208 1.0742
804 1102204.549 1184001.373 1.0742
805 1103576.695 1185423.016 1.0742
806 1104947.043 1186842.861 1.0741
807 1106317.808 1188294.872 1.0741
808 1107689.927 1189716.488 1.0741
809 1109060.147 1191168.028 1.074
810 1110430.884 1192585.905 1.074
811 1111800.353 1194284.413 1.0742
812 1113171.932 1195705.491 1.0741
813 1114544.139 1197158.995 1.0741
814 1115914.894 1198579.251 1.0741
815 1117284.359 1200605.268 1.0746
816 1118655.883 1202023.934 1.0745
817 1120026.625 1203475.975 1.0745
818 1121397.447 1204896.296 1.0745
819 1122769.063 1206317.412 1.0744
820 1124141.128 1207770.83 1.0744
821 1125509.337 1209188.539 1.0743
822 1126882.336 1210640.468 1.0743
823 1128253.07 1212060.701 1.0743
824 1129622.535 1213511.431 1.0743
825 1130995.469 1214933.864 1.0742
826 1132366.337 1216386.014 1.0742
827 1133737.089 1217806.266 1.0742
828 1135106.507 1219454.057 1.0743
829 1136478.113 1220875.163 1.0743
830 1137850.29 1222328.577 1.0742
831 1139218.359 1223746.146 1.0742
832 1140589.902 1225167.189 1.0742
833 1141961.952 1227590.311 1.075
834 1143331.391 1229006.893 1.0749
835 1144704.408 1230461.259 1.0749
836 1146075.196 1231881.547 1.0749
837 1147444.542 1233332.16 1.0749
838 1148817.465 1234754.583 1.0748
839 1150186.975 1236205.405 1.0748
840 1151557.655 1237623.228 1.0747
841 1152927.944 1239074.827 1.0747
842 1154300.157 1240496.541 1.0747
843 1155671.047 1241948.693 1.0747
844 1157042.542 1243369.687 1.0746
845 1158413.423 1244790.068 1.0746
846 1159782.757 1246487.305 1.0748
847 1161154.355 1247908.403 1.0747
848 1162526.449 1249361.804 1.0747
849 1163897.096 1250781.952 1.0746
850 1165268.676 1252661.801 1.075
851 1166638.057 1254078.324 1.075
852 1168007.442 1255528.904 1.0749
853 1169380.503 1256951.465 1.0749
854 1170750.043 1258402.312 1.0749
855 1172122.291 1259824.059 1.0748
856 1173493.1 1261276.125 1.0748
857 1174863.315 1262693.483 1.0748
858 1176234.144 1264113.812 1.0747
859 1177604.812 1265565.753 1.0747
860 1178976.392 1266986.833 1.0746
861 1180345.773 1268437.546 1.0746
862 1181716.619 1269857.891 1.0746
863 1183089.621 1271516.801 1.0747
864 1184460.437 1272937.118 1.0747
865 1185829.952 1274388.008 1.0747
866 1187200.716 1275808.272 1.0746
867 1188572.417 1277780.181 1.0751
868 1189944.512 1279201.776 1.075
869 1191313.959 1280618.366 1.075
870 1192685.543 1282071.208 1.0749
871 1194056.414 1283491.579 1.0749
872 1195427.312 1284943.788 1.0749
873 1196796.782 1286362.758 1.0748
874 1198168.98 1287816.267 1.0748
875 1199539.288 1289233.719 1.0748
876 1200909.993 1290685.707 1.0748
877 1202282.173 1292107.387 1.0747
878 1203652.292 1293558.712 1.0747
879 1205023.051 1294978.971 1.0747
880 1206395.233 1296617.04 1.0748
881 1207765.532 1298034.482 1.0747
882 1209136.364 1299454.813 1.0747
883 1210505.982 1300905.704 1.0747
884 1211876.84 1302326.062 1.0746
885 1213249.772 1304288.677 1.075
886 1214619.13 1305707.535 1.075
887 1215989.99 1307157.35 1.075
888 1217362.957 1308579.817 1.0749
889 1218733.676 1310031.823 1.0749
890 1220103.065 1311450.712 1.0749
891 1221473.404 1312902.378 1.0749
892 1222844.16 1314322.634 1.0748
893 1224216.382 1315773.792 1.0748
894 1225587.097 1317194.007 1.0747
895 1226957.397 1318613.807 1.0747
896 1228329.531 1320067.251 1.0747
897 1229699.671 1321486.891 1.0746
898 1231070.533 1323182.491 1.0748
899 1232441.215 1324600.316 1.0748
900 1233812.808 1326053.294 1.0748
901 1235183.53 1327473.515 1.0747
902 1236554.376 1329708.269 1.0753
903 1237925.21 1331128.602 1.0753
904 1239296.824 1332581.456 1.0753
905 1240667.573 1333999.347 1.0752
906 1242037.119 1335450.172 1.0752
907 1243410.056 1336872.609 1.0752
908 1244779.49 1338291.542 1.0751
909 1246150.18 1339743.466 1.0751
910 1247523.191 1341165.977 1.0751
911 1248892.607 1342614.274 1.075
912 1250262.041 1344033.208 1.075
913 1251633.625 1345486.033 1.075
914 1253005.641 1346907.548 1.0749
915 1254375.05 1348557.403 1.0751
916 1255746.706 1349978.56 1.075
917 1257118.752 1351429.447 1.075
918 1258488.144 1352848.339 1.075
919 1259861.158 1354912.437 1.0754
920 1261230.682 1356331.461 1.0754
921 1262601.57 1357751.849 1.0754
922 1263972.348 1359203.968 1.0753
923 1265343.959 1360622.721 1.0753
924 1266714.868 1362074.882 1.0753
925 1268085.756 1363495.269 1.0752
926 1269455.275 1364946.068 1.0752
927 1270827.503 1366367.796 1.0752
928 1272199.091 1367820.648 1.0752
929 1273568.51 1369237.209 1.0751
930 1274939.229 1370689.247 1.0751
931 1276310.733 1372110.25 1.0751
932 1277680.16 1373529.177 1.075
933 1279053.051 1375227.623 1.0752
934 1280423.863 1376645.578 1.0751
935 1281793.305 1378096.216 1.0751
936 1283164.761 1379517.172 1.0751
937 1284536.877 1381478.8 1.0755
938 1285907.627 1382899.049 1.0754
939 1287277.849 1384350.538 1.0754
940 1288650.022 1385769.854 1.0754
941 1290019.389 1387220.573 1.0753
942 1291390.924 1388641.608 1.0753
943 1292761.611 1390093.563 1.0753
944 1294133.193 1391514.645 1.0752
945 1295504.009 1392934.96 1.0752
946 1296874.836 1394384.727 1.0752
947 1298244.26 1395803.65 1.0751
948 1299617.262 1397257.968 1.0751
949 1300988.067 1398678.273 1.0751
950 1302358.873 1400336.074 1.0752
951 1303728.406 1401755.107 1.0752
952 1305099.885 1403205.518 1.0752
953 1306470.605 1404625.737 1.0751
954 1307840.784 1406635.676 1.0755
955 1309212.982 1408057.374 1.0755
956 1310583.668 1409509.226 1.0755
957 1311955.279 1410930.336 1.0754
958 1313326.225 1412348.426 1.0754
959 1314697.012 1413800.478 1.0754
960 1316066.614 1415219.58 1.0753
961 1317437.53 1416671.867 1.0753
962 1318807.827 1418091.663 1.0753
963 1320178.68 1419543.842 1.0753
964 1321550.832 1420963.136 1.0752
965 1322921.613 1422415.102 1.0752
966 1324291.949 1423834.938 1.0752
967 1325662.556 1425547.09 1.0753
968 1327033.373 1426967.407 1.0753
969 1328406.263 1428421.518 1.0753
970 1329775.687 1429838.084 1.0752
971 1331146.501 1431258.398 1.0752
972 1332516.968 1433319.449 1.0756
973 1333889.148 1434741.128 1.0756
974 1335260.045 1436193.455 1.0756
975 1336630.771 1437613.68 1.0756
976 1338002.308 1439064.14 1.0755
977 1339373.095 1440484.427 1.0755
978 1340742.579 1441935.076 1.0755
979 1342114.266 1443356.262 1.0754
980 1343485.059 1444808.338 1.0754
981 1344854.539 1446227.318 1.0754
982 1346225.239 1447676.97 1.0754
983 1347598.103 1449099.333 1.0753
984 1348968.905 1450519.635 1.0753
985 1350340.371 1452177.524 1.0754
986 1351711.176 1453597.829 1.0754
987 1353080.602 1455048.567 1.0754
988 1354453.508 1456468.617 1.0753
989 1355822.872 1458770.179 1.0759
990 1357193.69 1460190.497 1.0759
991 1358563.251 1461641.4 1.0759
992 1359934.808 1463062.457 1.0758
993 1361305.614 1464514.577 1.0758
994 1362678.404 1465934.51 1.0758
995 1364049.155 1467386.469 1.0758
996 1365419.84 1468806.654 1.0757
997 1366790.037 1470226.351 1.0757
998 1368162.212 1471679.786 1.0757
999 1369531.74 1473098.813 1.0756
1000 1370903.343 1474549.364 1.0756
1001 1370904.687 1474550.708 1.0756
