1 1367.226 1384.27 1.0125
2 2737.088 2781.067 1.0161
3 4106.849 4178.669 1.0175
4 5476.657 5575.219 1.018
5 6845.993 6996.02 1.0219
6 8217.213 8395.504 1.0217
7 9585.71 9792.319 1.0216
8 10956.984 11191.95 1.0214
9 12325.551 12588.907 1.0214
10 13695.417 14009.307 1.0229
11 15064.738 15407.045 1.0227
12 16435.944 16806.69 1.0226
13 17804.428 18203.608 1.0224
14 19175.641 19626.815 1.0235
15 20545.454 21025.075 1.0233
16 21916.098 22422.817 1.0231
17 23285.902 23821.077 1.023
18 24654.41 25218.046 1.0229
19 26025.587 26641.206 1.0237
20 27394.073 28038.166 1.0235
21 28764.71 29437.276 1.0234
22 30133.182 30832.866 1.0232
23 31504.413 32292.482 1.025
24 32874.283 33690.827 1.0248
25 34244.205 35089.232 1.0247
26 35614.137 36487.646 1.0245
27 36984.824 37886.815 1.0244
28 38353.3 39305.938 1.0248
29 39723.193 40704.314 1.0247
30 41093.17 42102.773 1.0246
31 42461.677 43499.763 1.0244
32 43832.833 44962.896 1.0258
33 45202.168 46360.713 1.0256
34 46573.378 47759.049 1.0255
35 47941.831 49155.985 1.0253
36 49313.091 50555.727 1.0252
37 50682.961 51977.508 1.0255
38 52053.639 53376.671 1.0254
39 53421.989 54773.506 1.0253
40 54791.781 56170.43 1.0252
41 56160.22 57590.797 1.0255
42 57532.224 58991.29 1.0254
43 58902.103 60389.658 1.0253
44 60271.92 61787.962 1.0252
45 61641.734 63209.752 1.0254
46 63011.634 64606.783 1.0253
47 64380.944 66004.582 1.0252
48 65750.778 67402.904 1.0251
49 67122.017 68802.632 1.025
50 68491.842 70224.47 1.0253
51 69858.961 71618.721 1.0252
52 71230.977 73019.225 1.0251
53 72599.495 74416.232 1.025
54 73970.692 75839.425 1.0253
55 75340.537 77237.759 1.0252
56 76710.425 78636.136 1.0251
57 78081.082 80033.928 1.025
58 79449.63 81430.968 1.0249
59 80820.81 82942.746 1.0263
60 82189.278 84339.705 1.0262
61 83559.126 85738.044 1.0261
62 84929.758 87137.171 1.026
63 86298.316 88556.311 1.0262
64 87669.53 89956.019 1.0261
65 89038.015 91353.001 1.026
66 90407.866 92751.348 1.0259
67 91779.085 94151.065 1.0258
68 93149.762 95622.782 1.0265
69 94519.658 97019.818 1.0265
70 95888.079 98416.736 1.0264
71 97257.957 99815.112 1.0263
72 98626.456 101235.628 1.0265
73 99998.477 102636.148 1.0264
74 101366.993 104033.164 1.0263
75 102736.861 105430.177 1.0262
76 104106.759 106828.577 1.0261
77 105478.004 108251.774 1.0263
78 106846.615 109648.888 1.0262
79 108216.561 111047.337 1.0262
80 109587.267 112446.546 1.0261
81 110957.082 113867.044 1.0262
82 112326.979 115265.448 1.0262
83 113695.515 116662.49 1.0261
84 115065.296 118060.777 1.026
85 116436.553 119460.54 1.026
86 117805.945 120881.944 1.0261
87 119177.16 122280.308 1.026
88 120547.034 123678.688 1.026
89 121916.921 125077.081 1.0259
90 123285.416 126497.625 1.0261
91 124655.364 127896.08 1.026
92 126025.293 129294.514 1.0259
93 127394.656 130691.026 1.0259
94 128764.538 132089.414 1.0258
95 130134.416 133647.354 1.027
96 131504.257 135045.701 1.0269
97 132874.148 136444.098 1.0269
98 134245.41 137843.866 1.0268
99 135615.274 139264.375 1.0269
100 136984.578 140662.185 1.0268
101 138354.404 142060.517 1.0268
102 139724.211 143458.83 1.0267
103 141092.661 144855.786 1.0267
104 142463.318 146330.95 1.0271
105 143834.514 147729.294 1.0271
106 145202.99 149126.276 1.027
107 146574.209 150526.001 1.027
108 147944.013 151947.777 1.0271
109 149313.299 153345.569 1.027
110 150684.459 154745.235 1.0269
111 152053.011 156140.936 1.0269
112 153421.474 157537.905 1.0268
113 154792.762 158961.208 1.0269
114 156161.335 160358.287 1.0269
115 157533.303 161758.762 1.0268
116 158901.816 163155.781 1.0268
117 160273.106 164577.744 1.0269
118 161642.992 165976.136 1.0268
119 163011.528 167373.178 1.0268
120 164383.555 168773.711 1.0267
121 165752.054 170170.717 1.0267
122 167121.94 171592.64 1.0268
123 168490.516 172988.364 1.0267
124 169861.717 174388.072 1.0266
125 171230.114 175784.975 1.0266
126 172602.109 177208.981 1.0267
127 173970.572 178605.95 1.0266
128 175341.802 180005.686 1.0266
129 176711.576 181402.608 1.0265
130 178080.886 182800.424 1.0265
131 179450.73 184380.094 1.0275
132 180819.218 185777.089 1.0274
133 182190.436 187176.812 1.0274
134 183558.951 188572.476 1.0273
135 184930.175 189995.628 1.0274
136 186300.795 191394.754 1.0273
137 187670.695 192793.161 1.0273
138 189040.494 194191.466 1.0272
139 190409.075 195588.552 1.0272
140 191780.273 197064.497 1.0276
141 193149.578 198462.308 1.0275
142 194519.457 199860.693 1.0275
143 195889.334 201259.076 1.0274
144 197259.189 202680.965 1.0275
145 198629.052 204079.334 1.0274
146 199999.707 205477.137 1.0274
147 201369.648 206875.584 1.0273
148 202739.513 208297.493 1.0274
149 204108.033 209694.519 1.0274
150 205479.263 211094.255 1.0273
151 206847.754 212491.252 1.0273
152 208217.637 213888.283 1.0272
153 209588.261 215310.971 1.0273
154 210956.754 216707.97 1.0273
155 212326.606 218106.328 1.0272
156 213697.802 219506.03 1.0272
157 215067.684 220927.914 1.0272
158 216438.291 222325.669 1.0272
159 217808.184 223724.068 1.0272
160 219178.129 225122.519 1.0271
161 220545.24 226518.136 1.0271
162 221916.454 227941.383 1.0271
163 223287.077 229340.513 1.0271
164 224656.963 230737.547 1.0271
165 226025.45 232134.54 1.027
166 227395.255 233710.789 1.0278
167 228766.46 235110.501 1.0277
168 230135.85 236508.396 1.0277
169 231505.717 237906.769 1.0276
170 232876.963 239305.163 1.0276
171 234245.449 240725.639 1.0277
172 235613.946 242122.642 1.0276
173 236983.766 243520.968 1.0276
174 238355.785 244921.494 1.0275
175 239724.332 246396.865 1.0278
176 241095.528 247795.21 1.0278
177 242465.416 249193.603 1.0277
178 243833.912 250590.605 1.0277
179 245204.489 251989.688 1.0277
180 246575.662 253412.861 1.0277
181 247944.141 254809.846 1.0277
182 249313.981 256206.834 1.0276
183 250683.905 257605.264 1.0276
184 252054.532 259027.878 1.0277
185 253423.001 260424.853 1.0276
186 254794.25 261824.608 1.0276
187 256162.764 263221.628 1.0276
188 257532.6 264618.613 1.0275
189 258904.596 266042.556 1.0276
190 260273.111 267439.578 1.0275
191 261641.59 268836.563 1.0275
192 263012.781 270236.26 1.0275
193 264381.238 271656.724 1.0275
194 265753.247 273055.882 1.0275
195 267121.808 274452.948 1.0274
196 268492.982 275852.629 1.0274
197 269862.754 277250.906 1.0274
198 271233.417 278673.562 1.0274
199 272603.207 280071.858 1.0274
200 273973.052 281468.852 1.0274
201 275341.505 282865.811 1.0273
202 276711.415 284440.384 1.0279
203 278082.062 285839.538 1.0279
204 279450.538 287236.52 1.0279
205 280820.358 288634.846 1.0278
206 282190.144 290031.78 1.0278
207 283562.132 291455.705 1.0278
208 284932.014 292854.093 1.0278
209 286301.827 294252.412 1.0278
210 287670.341 295649.432 1.0277
211 289040.148 297125.108 1.028
212 290410.782 298524.249 1.0279
213 291779.311 299921.283 1.0279
214 293150.505 301320.983 1.0279
215 294520.393 302719.377 1.0278
216 295890.314 304141.309 1.0279
217 297259.553 305537.696 1.0278
218 298629.36 306936.01 1.0278
219 300000.539 308335.695 1.0278
220 301369.013 309756.182 1.0278
221 302738.781 311154.456 1.0278
222 304109.475 312553.657 1.0278
223 305478.002 313949.333 1.0277
224 306849.142 315348.978 1.0277
225 308219.009 316770.752 1.0277
226 309588.884 318169.133 1.0277
227 310958.21 319566.965 1.0277
228 312329.395 320966.656 1.0277
229 313699.242 322387.15 1.0277
230 315067.712 323784.126 1.0277
231 316436.207 325181.128 1.0276
232 317808.165 326581.592 1.0276
233 319176.585 328002.026 1.0277
234 320547.776 329401.723 1.0276
235 321917.585 330798.68 1.0276
236 323288.284 332197.885 1.0276
237 324658.121 333596.228 1.0275
238 326026.567 335213.046 1.0282
239 327397.741 336612.726 1.0281
240 328767.056 338010.547 1.0281
241 330135.554 339406.194 1.0281
242 331505.44 340828.079 1.0281
243 332876.677 342227.821 1.0281
244 334245.202 343624.853 1.0281
245 335616.469 345024.626 1.028
246 336985.016 346421.678 1.028
247 338354.941 347897.594 1.0282
248 339726.991 349298.15 1.0282
249 341096.866 350696.531 1.0281
250 342465.398 352093.569 1.0281
251 343833.785 353513.967 1.0282
252 345203.624 354912.311 1.0281
253 346575.649 356311.485 1.0281
254 347945.558 357709.9 1.0281
255 349313.989 359106.837 1.028
256 350685.266 360530.133 1.0281
257 352053.737 361927.109 1.028
258 353424.413 363326.292 1.028
259 354794.33 364723.358 1.028
260 356164.259 366145.199 1.028
261 357534.117 367543.563 1.028
262 358903.957 368941.91 1.028
263 360274.503 370340.962 1.0279
264 361643.081 371738.046 1.0279
265 363014.232 373159.801 1.0279
266 364382.722 374556.797 1.0279
267 365752.531 375955.113 1.0279
268 367124.555 377355.642 1.0279
269 368494.481 378777.543 1.0279
270 369864.266 380175.834 1.0279
271 371231.394 381570.111 1.0278
272 372601.277 382968.5 1.0278
273 373972.507 384368.235 1.0278
274 375343.099 386050.072 1.0285
275 376712.979 387448.458 1.0285
276 378081.432 388845.418 1.0285
277 379451.255 390242.389 1.0284
278 380821.847 391664.984 1.0285
279 382193.038 393064.68 1.0284
280 383561.501 394461.649 1.0284
281 384931.344 395859.998 1.0284
282 386300.624 397257.784 1.0284
283 387670.506 398733.731 1.0285
284 389041.723 400133.455 1.0285
285 390410.272 401530.509 1.0285
286 391781.536 402930.279 1.0285
287 393150.076 404350.842 1.0285
288 394521.314 405750.586 1.0285
289 395890.649 407147.07 1.0284
290 397260.537 408545.464 1.0284
291 398630.429 409943.862 1.0284
292 400000.261 411365.721 1.0284
293 401370.102 412764.069 1.0284
294 402738.583 414159.698 1.0284
295 404110.563 415560.184 1.0283
296 405480.435 416981.956 1.0284
297 406850.188 418380.215 1.0283
298 408220.112 419778.646 1.0283
299 409590.75 421177.789 1.0283
300 410959.331 422573.519 1.0283
301 412329.213 423995.413 1.0283
302 413697.773 425392.478 1.0283
303 415067.723 426790.935 1.0282
304 416437.564 428189.282 1.0282
305 417808.794 429612.549 1.0283
306 419179.431 431010.335 1.0282
307 420549.248 432408.658 1.0282
308 421917.769 433805.685 1.0282
309 423287.591 435204.013 1.0282
310 424658.821 436916.324 1.0289
311 426026.036 438312.045 1.0288
312 427398.031 439711.188 1.0288
313 428767.892 441109.556 1.0288
314 430137.694 442531.349 1.0288
315 431506.25 443928.411 1.0288
316 432876.876 445327.543 1.0288
317 434248.106 446727.279 1.0287
318 435616.652 448122.974 1.0287
319 436986.566 449600.413 1.0289
320 438357.681 451000.034 1.0288
321 439724.825 452395.684 1.0288
322 441096.812 453796.177 1.0288
323 442466.72 455218.131 1.0288
324 443835.241 456613.801 1.0288
325 445205.14 458012.206 1.0288
326 446576.373 459411.946 1.0287
327 447944.894 460808.972 1.0287
328 449315.539 462231.672 1.0287
329 450686.776 463631.416 1.0287
330 452056.668 465028.456 1.0287
331 453425.077 466425.372 1.0287
332 454793.537 467845.818 1.0287
333 456165.542 469246.329 1.0287
334 457535.394 470644.687 1.0287
335 458903.759 472041.559 1.0286
336 460275.037 473463.46 1.0287
337 461643.587 474860.515 1.0286
338 463014.286 476259.721 1.0286
339 464384.161 477658.102 1.0286
340 465754.014 479056.461 1.0286
341 467123.832 480478.277 1.0286
342 468493.748 481875.342 1.0286
343 469863.683 483273.783 1.0285
344 471234.322 484672.928 1.0285
345 472604.198 486384.803 1.0292
346 473974.098 487783.209 1.0291
347 475343.936 489181.554 1.0291
348 476713.803 490578.569 1.0291
349 478083.097 491976.368 1.0291
350 479454.233 493399.474 1.0291
351 480821.375 494795.123 1.0291
352 482191.254 496193.507 1.029
353 483562.436 497593.196 1.029
354 484931.706 499068.624 1.0292
355 486302.902 500468.326 1.0291
356 487671.444 501865.373 1.0291
357 489041.266 503263.701 1.0291
358 490412.463 504663.405 1.0291
359 491781.048 506084.007 1.0291
360 493153.094 507483.202 1.0291
361 494521.587 508880.201 1.029
362 495891.45 510278.57 1.029
363 497259.902 511699.02 1.029
364 498631.092 513098.716 1.029
365 500000.422 514496.552 1.029
366 501370.248 515893.527 1.029
367 502740.168 517291.952 1.0289
368 504109.969 518713.741 1.029
369 505481.199 520113.477 1.0289
370 506850.501 521511.284 1.0289
371 508220.303 522908.235 1.0289
372 509590.196 524330.085 1.0289
373 510960.059 525728.453 1.0289
374 512328.469 527125.37 1.0289
375 513699.084 528524.49 1.0289
376 515068.901 529922.814 1.0288
377 516438.797 531343.377 1.0289
378 517808.681 532741.767 1.0288
379 519179.887 534141.479 1.0288
380 520549.202 535539.299 1.0288
381 521919.017 537252.556 1.0294
382 523288.855 538650.899 1.0294
383 524657.389 540046.582 1.0293
384 526028.003 541445.702 1.0293
385 527397.846 542844.051 1.0293
386 528769.108 544267.32 1.0293
387 530138.985 545665.704 1.0293
388 531507.523 547062.748 1.0293
389 532878.728 548461.101 1.0292
390 534247.978 549937.914 1.0294
391 535616.531 551334.973 1.0293
392 536987.794 552734.743 1.0293
393 538357.629 554133.083 1.0293
394 539727.48 555531.441 1.0293
395 541097.373 556952.035 1.0293
396 542466.664 558349.832 1.0293
397 543836.533 559748.206 1.0293
398 545206.358 561146.537 1.0292
399 546576.22 562568.357 1.0293
400 547946.12 563966.764 1.0292
401 549315.416 565363.209 1.0292
402 550685.258 566761.556 1.0292
403 552055.132 568159.936 1.0292
404 553426.328 569583.167 1.0292
405 554796.269 570981.614 1.0292
406 556166.172 572380.023 1.0292
407 557536.092 573777.091 1.0291
408 558905.461 575198.494 1.0292
409 560275.294 576596.833 1.0291
410 561646.563 577996.608 1.0291
411 563013.722 579392.274 1.0291
412 564383.607 580790.665 1.0291
413 565753.482 582211.287 1.0291
414 567124.758 583611.069 1.0291
415 568495.408 585010.225 1.0291
416 569863.842 586407.165 1.029
417 571233.666 588087.514 1.0295
418 572603.517 589485.871 1.0295
419 573975.483 590884.986 1.0295
420 575345.383 592283.391 1.0294
421 576712.516 593679.031 1.0294
422 578083.653 595102.169 1.0294
423 579453.601 596500.623 1.0294
424 580822.843 597898.371 1.0294
425 582192.699 599295.376 1.0294
426 583562.537 600772.814 1.0295
427 584933.832 602172.615 1.0295
428 586303.722 603571.011 1.0295
429 587672.249 604968.044 1.0294
430 589042.964 606390.77 1.0295
431 590412.82 607787.775 1.0294
432 591782.706 609186.167 1.0294
433 593152.616 610584.584 1.0294
434 594521.073 611981.547 1.0294
435 595890.923 613403.485 1.0294
436 597261.615 614802.683 1.0294
437 598631.451 616199.669 1.0293
438 600002.703 617599.426 1.0293
439 601372.555 619021.31 1.0293
440 602740.994 620418.255 1.0293
441 604111.68 621817.447 1.0293
442 605481.533 623215.806 1.0293
443 606850.048 624611.469 1.0293
444 608221.293 626034.723 1.0293
445 609589.848 627431.785 1.0293
446 610961.015 628831.458 1.0292
447 612330.275 630229.224 1.0292
448 613701.492 631652.433 1.0293
449 615069.985 633048.075 1.0292
450 616441.166 634447.762 1.0292
451 617808.39 635843.493 1.0292
452 619179.073 637242.682 1.0292
453 620550.277 638936.22 1.0296
454 621920.135 640333.226 1.0296
455 623290.014 641731.612 1.0296
456 624658.442 643128.546 1.0296
457 626029.742 644551.901 1.0296
458 627400.45 645951.116 1.0296
459 628768.956 647348.128 1.0295
460 630140.181 648746.502 1.0295
461 631508.58 650143.407 1.0295
462 632877.774 651620.169 1.0296
463 634247.677 653018.578 1.0296
464 635618.872 654418.279 1.0296
465 636988.734 655816.646 1.0296
466 638358.617 657237.203 1.0296
467 639729.237 658636.329 1.0296
468 641099.175 660034.773 1.0295
469 642469.096 661433.2 1.0295
470 643837.619 662830.229 1.0295
471 645207.473 664252.099 1.0295
472 646575.916 665647.691 1.0295
473 647946.56 667046.841 1.0295
474 649317.742 668446.529 1.0295
475 650686.217 669867.028 1.0295
476 652056.068 671265.385 1.0295
477 653425.94 672663.763 1.0294
478 654796.611 674061.583 1.0294
479 656166.455 675459.933 1.0294
480 657536.351 676881.824 1.0294
481 658904.894 678278.873 1.0294
482 660276.039 679678.525 1.0294
483 661645.907 681076.899 1.0294
484 663016.592 682498.248 1.0294
485 664386.445 683896.607 1.0294
486 665754.883 685293.551 1.0293
487 667124.754 686691.928 1.0293
488 668495.989 688091.669 1.0293
489 669866.671 689836.559 1.0298
490 671235.154 691232.19 1.0298
491 672604.997 692630.539 1.0298
492 673973.442 694027.491 1.0298
493 675344.636 695450.663 1.0298
494 676715.263 696849.796 1.0298
495 678085.099 698248.137 1.0297
496 679454.91 699645.097 1.0297
497 680824.743 701043.437 1.0297
498 682194.104 702520.398 1.0298
499 683563.932 703918.732 1.0298
500 684935.086 705318.392 1.0298
501 686303.587 706715.4 1.0297
502 687673.372 708135.843 1.0298
503 689044.117 709535.094 1.0297
504 690413.976 710933.46 1.0297
505 691782.494 712330.483 1.0297
506 693153.756 713730.251 1.0297
507 694523.569 715152.087 1.0297
508 695892.05 716547.717 1.0297
509 697264.066 717948.239 1.0297
510 698632.618 719345.297 1.0296
511 700002.494 720767.212 1.0297
512 701372.256 722165.48 1.0296
513 702740.717 723562.447 1.0296
514 704111.335 724960.214 1.0296
515 705482.532 726359.916 1.0296
516 706851.07 727780.48 1.0296
517 708222.269 729180.184 1.0296
518 709592.905 730579.327 1.0296
519 710962.813 731977.74 1.0296
520 712332.593 733398.197 1.0296
521 713701.14 734795.25 1.0296
522 715069.725 736192.341 1.0295
523 716439.651 737590.773 1.0295
524 717810.844 738990.472 1.0295
525 719181.569 740745.633 1.03
526 720551.401 742142.613 1.03
527 721921.227 743540.945 1.0299
528 723289.75 744937.975 1.0299
529 724660.982 746361.199 1.0299
530 726030.308 747759.031 1.0299
531 727398.822 749154.694 1.0299
532 728770.076 750554.454 1.0299
533 730138.642 752030.674 1.03
534 731509.824 753430.362 1.03
535 732878.263 754827.307 1.0299
536 734248.916 756226.465 1.0299
537 735618.786 757623.484 1.0299
538 736988.651 759045.383 1.0299
539 738359.848 760445.086 1.0299
540 739728.395 761842.139 1.0299
541 741099.036 763241.286 1.0299
542 742467.524 764661.791 1.0299
543 743837.377 766058.792 1.0299
544 745208.603 767458.525 1.0299
545 746577.119 768855.547 1.0298
546 747947.77 770254.704 1.0298
547 749318.953 771677.875 1.0298
548 750687.39 773074.817 1.0298
549 752058.586 774473.162 1.0298
550 753428.436 775871.518 1.0298
551 754796.372 777291.496 1.0298
552 756167.561 778691.192 1.0298
553 757535.98 780088.117 1.0298
554 758905.769 781486.412 1.0298
555 760276.363 782884.154 1.0297
556 761647.571 784307.316 1.0298
557 763017.362 785705.613 1.0297
558 764387.207 787103.964 1.0297
559 765756.535 788501.798 1.0297
560 767126.454 790258.155 1.0302
561 768496.341 791655.19 1.0301
562 769864.868 793052.224 1.0301
563 771236.168 794452.03 1.0301
564 772604.644 795849.012 1.0301
565 773974.522 797270.907 1.0301
566 775345.159 798670.05 1.0301
567 776716.362 800068.402 1.0301
568 778084.945 801465.491 1.03
569 779456.141 802944.272 1.0301
570 780824.616 804341.253 1.0301
571 782195.242 805740.385 1.0301
572 783565.105 807138.754 1.0301
573 784934.978 808535.775 1.0301
574 786303.503 809956.265 1.0301
575 787673.409 811354.677 1.0301
576 789044.71 812754.484 1.03
577 790414.579 814152.859 1.03
578 791785.263 815575.553 1.03
579 793155.106 816972.545 1.03
580 794523.739 818369.684 1.03
581 795892.224 819766.675 1.03
582 797263.425 821166.382 1.03
583 798631.861 822586.765 1.03
584 800003.902 823987.312 1.03
585 801373.753 825384.312 1.03
586 802743.556 826782.621 1.0299
587 804113.387 828204.499 1.03
588 805481.92 829601.539 1.0299
589 806853.963 831002.088 1.0299
590 808223.868 832400.498 1.0299
591 809592.349 833796.128 1.0299
592 810962.23 835218.01 1.0299
593 812332.023 836616.31 1.0299
594 813702.687 838015.479 1.0299
595 815071.142 839412.441 1.0299
596 816441.023 841115.871 1.0302
597 817812.287 842514.284 1.0302
598 819180.696 843911.199 1.0302
599 820551.288 845310.298 1.0302
600 821922.474 846709.99 1.0302
601 823290.954 848130.505 1.0302
602 824660.857 849528.914 1.0302
603 826029.333 850924.538 1.0301
604 827401.436 852325.147 1.0301
605 828769.954 853801.303 1.0302
606 830141.113 855200.968 1.0302
607 831510.976 856599.336 1.0302
608 832880.845 857997.712 1.0302
609 834251.488 859395.503 1.0301
610 835619.967 860816.057 1.0302
611 836989.837 862214.433 1.0301
612 838359.716 863612.818 1.0301
613 839728.215 865009.823 1.0301
614 841098.829 866431.062 1.0301
615 842470.036 867830.775 1.0301
616 843839.887 869229.132 1.0301
617 845209.673 870627.424 1.0301
618 846579.505 872025.762 1.0301
619 847948.753 873447.007 1.0301
620 849319.988 874845.391 1.0301
621 850688.522 876242.431 1.03
622 852057.037 877639.452 1.03
623 853426.829 879061.293 1.03
624 854797.522 880460.492 1.03
625 856168.743 881860.218 1.03
626 857537.298 883255.923 1.03
627 858908.496 884679.132 1.03
628 860278.329 886077.47 1.03
629 861648.276 887475.924 1.03
630 863017.538 888873.692 1.03
631 864386.091 890270.751 1.0299
632 865757.397 891970.743 1.0303
633 867127.225 893369.076 1.0303
634 868495.755 894766.113 1.0302
635 869865.626 896164.489 1.0302
636 871236.307 897587.161 1.0302
637 872607.509 898986.869 1.0302
638 873976.059 900382.568 1.0302
639 875345.931 901780.946 1.0302
640 876717.189 903180.71 1.0302
641 878084.319 904655.406 1.0303
642 879456.313 906055.907 1.0302
643 880826.18 907454.28 1.0302
644 882194.68 908849.928 1.0302
645 883564.485 910271.738 1.0302
646 884934.322 911670.082 1.0302
647 886306.353 913070.618 1.0302
648 887674.836 914467.608 1.0302
649 889044.695 915865.973 1.0302
650 890415.881 917287.8 1.0302
651 891784.365 918684.79 1.0302
652 893155.054 920083.986 1.0302
653 894523.568 921481.006 1.0301
654 895893.429 922902.859 1.0301
655 897264.625 924302.561 1.0301
656 898633.144 925698.229 1.0301
657 900005.221 927098.811 1.0301
658 901375.098 928497.194 1.0301
659 902744.963 929919.106 1.0301
660 904114.721 931317.369 1.0301
661 905483.211 932714.366 1.0301
662 906852.523 934110.826 1.0301
663 908223.775 935534.078 1.0301
664 909592.253 936931.062 1.0301
665 910963.448 938330.763 1.03
666 912333.301 939729.122 1.03
667 913703.173 941127.5 1.03
668 915072.464 942889.817 1.0304
669 916443.716 944289.575 1.0304
670 917812.216 945686.581 1.0304
671 919180.706 947083.577 1.0304
672 920552.002 948506.9 1.0304
673 921921.304 949904.708 1.0304
674 923292.494 951303.046 1.0303
675 924662.328 952701.387 1.0303
676 926030.886 954098.45 1.0303
677 927400.801 955575.957 1.0304
678 928770.692 956974.354 1.0304
679 930142.716 958374.884 1.0304
680 931512.556 959771.873 1.0303
681 932881.034 961192.32 1.0303
682 934250.948 962590.739 1.0303
683 935620.853 963989.15 1.0303
684 936989.367 965386.17 1.0303
685 938361.396 966786.705 1.0303
686 939729.964 968205.887 1.0303
687 941101.199 969605.627 1.0303
688 942471.044 971003.978 1.0303
689 943840.948 972402.389 1.0303
690 945210.76 973824.237 1.0303
691 946580.088 975220.714 1.0303
692 947949.912 976619.044 1.0302
693 949319.767 978017.405 1.0302
694 950689.668 979415.812 1.0302
695 952059.545 980837.699 1.0302
696 953428.125 982234.784 1.0302
697 954798.022 983631.83 1.0302
698 956168.716 985031.03 1.0302
699 957539.938 986454.243 1.0302
700 958909.819 987852.63 1.0302
701 960278.412 989249.729 1.0302
702 961646.896 990646.719 1.0302
703 963018.157 992045.129 1.0301
704 964387.436 993848.122 1.0305
705 965757.308 995246.5 1.0305
706 967128.495 996646.193 1.0305
707 968496.932 998043.136 1.0305
708 969866.743 999465.001 1.0305
709 971238.821 1000864.228 1.0305
710 972608.614 1002262.527 1.0305
711 973975.683 1003658.102 1.0305
712 975346.897 1005057.822 1.0305
713 976716.838 1006535.391 1.0305
714 978087.535 1007934.594 1.0305
715 979455.984 1009330.191 1.0305
716 980825.852 1010728.565 1.0305
717 982195.738 1012150.42 1.0305
718 983566.888 1013550.076 1.0305
719 984936.178 1014947.872 1.0305
720 986306.022 1016346.222 1.0305
721 987674.455 1017741.803 1.0304
722 989045.624 1019164.923 1.0305
723 990416.302 1020564.107 1.0304
724 991784.802 1021961.114 1.0304
725 993156.014 1023360.831 1.0304
726 994525.793 1024782.633 1.0304
727 995894.327 1026178.315 1.0304
728 997264.214 1027576.708 1.0304
729 998636.293 1028977.293 1.0304
730 1000006.177 1030399.203 1.0304
731 1001374.629 1031796.161 1.0304
732 1002743.051 1033193.089 1.0304
733 1004112.92 1034590.106 1.0304
734 1005483.527 1035989.22 1.0303
735 1006854.819 1037412.549 1.0303
736 1008224.651 1038810.888 1.0303
737 1009594.562 1040209.305 1.0303
738 1010963.072 1041606.32 1.0303
739 1012335.074 1043413.092 1.0307
740 1013703.575 1044810.099 1.0307
741 1015073.419 1046208.449 1.0307
742 1016441.862 1047605.398 1.0307
743 1017811.709 1049003.751 1.0306
744 1019182.411 1050426.45 1.0307
745 1020552.213 1051823.401 1.0306
746 1021922.063 1053221.757 1.0306
747 1023291.921 1054620.121 1.0306
748 1024663.15 1056098.911 1.0307
749 1026032.429 1057496.696 1.0307
750 1027402.31 1058895.083 1.0307
751 1028772.158 1060292.08 1.0306
752 1030142.051 1061690.478 1.0306
753 1031511.93 1063112.359 1.0306
754 1032881.869 1064510.804 1.0306
755 1034252.464 1065909.905 1.0306
756 1035620.952 1067306.899 1.0306
757 1036992.168 1068728.746 1.0306
758 1038362.044 1070127.129 1.0306
759 1039731.966 1071525.556 1.0306
760 1041101.866 1072923.963 1.0306
761 1042471.201 1074321.804 1.0306
762 1043839.651 1075742.255 1.0306
763 1045209.511 1077139.263 1.0305
764 1046580.79 1078539.048 1.0305
765 1047949.216 1079935.981 1.0305
766 1049319.878 1081358.671 1.0305
767 1050689.715 1082757.014 1.0305
768 1052060.96 1084156.764 1.0305
769 1053429.513 1085552.466 1.0305
770 1054800.71 1086952.17 1.0305
771 1056167.799 1088371.269 1.0305
772 1057539.801 1089771.778 1.0305
773 1058908.253 1091168.735 1.0305
774 1060279.489 1092567.12 1.0305
775 1061649.367 1094285.618 1.0307
776 1063017.94 1095682.696 1.0307
777 1064389.95 1097083.213 1.0307
778 1065759.862 1098481.63 1.0307
779 1067129.708 1099879.982 1.0307
780 1068498.15 1101299.048 1.0307
781 1069866.695 1102696.099 1.0307
782 1071237.902 1104095.813 1.0307
783 1072608.539 1105494.956 1.0307
784 1073978.395 1106972.379 1.0307
785 1075348.213 1108370.703 1.0307
786 1076716.669 1109766.308 1.0307
787 1078087.358 1111165.503 1.0307
788 1079457.176 1112563.827 1.0307
789 1080828.368 1113987.084 1.0307
790 1082196.894 1115384.116 1.0307
791 1083566.679 1116782.407 1.0307
792 1084935.956 1118178.833 1.0306
793 1086307.203 1119602.068 1.0306
794 1087675.667 1120999.038 1.0306
795 1089046.843 1122398.72 1.0306
796 1090415.367 1123795.75 1.0306
797 1091787.473 1125196.362 1.0306
798 1093155.957 1126615.488 1.0306
799 1094525.807 1128013.845 1.0306
800 1095897.006 1129413.549 1.0306
801 1097265.475 1130810.525 1.0306
802 1098636.145 1132233.217 1.0306
803 1100005.986 1133631.564 1.0306
804 1101374.429 1135027.157 1.0306
805 1102745.675 1136426.908 1.0305
806 1104114.185 1137823.924 1.0305
807 1105484.803 1139246.504 1.0305
808 1106856.022 1140646.229 1.0305
809 1108224.518 1142043.231 1.0305
810 1109594.363 1143440.224 1.0305
811 1110964.226 1145145.086 1.0308
812 1112334.874 1146544.24 1.0308
813 1113704.753 1147942.626 1.0307
814 1115074.592 1149340.971 1.0307
815 1116444.465 1150739.35 1.0307
816 1117814.359 1152159.872 1.0307
817 1119182.868 1153556.887 1.0307
818 1120553.589 1154956.114 1.0307
819 1121923.315 1156354.346 1.0307
820 1123293.166 1157831.849 1.0307
821 1124661.702 1159228.89 1.0307
822 1126032.888 1160627.225 1.0307
823 1127403.586 1162026.429 1.0307
824 1128773.471 1163448.297 1.0307
825 1130142.005 1164845.337 1.0307
826 1131511.904 1166243.742 1.0307
827 1132881.784 1167642.128 1.0307
828 1134253.022 1169040.515 1.0307
829 1135622.968 1170462.416 1.0307
830 1136993.633 1171861.587 1.0307
831 1138360.787 1173257.247 1.0307
832 1139730.637 1174655.602 1.0306
833 1141100.434 1176077.371 1.0307
834 1142470.312 1177474.398 1.0306
835 1143841.012 1178873.604 1.0306
836 1145210.9 1180271.998 1.0306
837 1146582.065 1181671.669 1.0306
838 1147950.519 1183092.102 1.0306
839 1149320.389 1184490.479 1.0306
840 1150691.066 1185888.304 1.0306
841 1152059.62 1187285.365 1.0306
842 1153429.509 1188707.204 1.0306
843 1154800.673 1190106.873 1.0306
844 1156170.513 1191505.22 1.0306
845 1157540.406 1192903.619 1.0306
846 1158909.668 1194300.029 1.0305
847 1160279.511 1196090.389 1.0309
848 1161649.431 1197488.814 1.0309
849 1163019.232 1198887.122 1.0308
850 1164389.098 1200285.494 1.0308
851 1165758.413 1201705.424 1.0308
852 1167129.635 1203105.153 1.0308
853 1168499.529 1204503.552 1.0308
854 1169869.337 1205901.866 1.0308
855 1171237.803 1207298.839 1.0308
856 1172608.464 1208777.065 1.0308
857 1173978.341 1210174.09 1.0308
858 1175348.148 1211572.403 1.0308
859 1176718.101 1212970.862 1.0308
860 1178087.858 1214392.584 1.0308
861 1179458.49 1215791.722 1.0308
862 1180828.373 1217190.111 1.0308
863 1182198.194 1218587.079 1.0308
864 1183568.007 1219985.399 1.0308
865 1184936.551 1221405.914 1.0308
866 1186307.228 1222805.097 1.0308
867 1187677.133 1224203.507 1.0308
868 1189048.424 1225603.304 1.0307
869 1190418.192 1227023.741 1.0308
870 1191788.078 1228422.133 1.0307
871 1193156.66 1229819.221 1.0307
872 1194525.855 1231216.922 1.0307
873 1195895.65 1232615.223 1.0307
874 1197265.54 1234037.149 1.0307
875 1198635.436 1235434.194 1.0307
876 1200006.639 1236833.902 1.0307
877 1201375.973 1238231.743 1.0307
878 1202745.838 1239653.587 1.0307
879 1204117.033 1241053.288 1.0307
880 1205485.479 1242450.241 1.0307
881 1206854.028 1243845.938 1.0307
882 1208225.344 1245245.76 1.0306
883 1209595.244 1247085.008 1.031
884 1210965.993 1248484.263 1.031
885 1212334.477 1249881.252 1.031
886 1213705.704 1251280.985 1.031
887 1215075.518 1252701.476 1.031
888 1216444.079 1254098.543 1.031
889 1217814.699 1255497.67 1.0309
890 1219184.603 1256896.08 1.0309
891 1220553.109 1258293.092 1.0309
892 1221924.306 1259771.848 1.031
893 1223294.247 1261168.938 1.031
894 1224662.833 1262566.029 1.0309
895 1226032.747 1263964.45 1.0309
896 1227403.446 1265387.102 1.0309
897 1228774.59 1266786.752 1.0309
898 1230144.511 1268185.178 1.0309
899 1231513.004 1269580.82 1.0309
900 1232884.192 1270980.514 1.0309
901 1234252.747 1272401.041 1.0309
902 1235623.467 1273800.268 1.0309
903 1236991.945 1275197.251 1.0309
904 1238363.138 1276596.951 1.0309
905 1239731.652 1278016.073 1.0309
906 1241101.477 1279414.405 1.0309
907 1242472.131 1280813.564 1.0309
908 1243843.438 1282213.378 1.0308
909 1245213.347 1283611.793 1.0308
910 1246583.195 1285033.618 1.0308
911 1247951.723 1286429.295 1.0308
912 1249320.25 1287826.327 1.0308
913 1250690.131 1289224.715 1.0308
914 1252062.153 1290648.665 1.0308
915 1253430.582 1292045.6 1.0308
916 1254800.464 1293443.988 1.0308
917 1256171.718 1294842.391 1.0308
918 1257541.62 1296240.799 1.0308
919 1258910.141 1298097.755 1.0311
920 1260280.79 1299496.91 1.0311
921 1261649.295 1300893.921 1.0311
922 1263020.625 1302293.757 1.0311
923 1264390.541 1303714.352 1.0311
924 1265760.381 1305112.697 1.0311
925 1267130.211 1306511.033 1.0311
926 1268500.872 1307910.201 1.0311
927 1269870.717 1309308.551 1.0311
928 1271240.621 1310785.997 1.0311
929 1272610.547 1312183.072 1.0311
930 1273980.41 1313581.441 1.0311
931 1275347.539 1314977.076 1.0311
932 1276718.2 1316399.71 1.0311
933 1278089.4 1317799.415 1.0311
934 1279457.893 1319195.057 1.0311
935 1280829.071 1320594.741 1.031
936 1282199.697 1322017.432 1.0311
937 1283569.574 1323415.815 1.031
938 1284938.034 1324812.781 1.031
939 1286309.276 1326212.529 1.031
940 1287677.799 1327608.2 1.031
941 1289047.039 1329029.493 1.031
942 1290416.885 1330427.845 1.031
943 1291788.106 1331827.572 1.031
944 1293156.594 1333224.566 1.031
945 1294527.872 1334647.825 1.031
946 1295896.424 1336043.526 1.031
947 1297268.463 1337444.071 1.031
948 1298638.295 1338842.408 1.031
949 1300008.096 1340240.716 1.0309
950 1301377.957 1341662.562 1.031
951 1302745.123 1343058.235 1.0309
952 1304115.026 1344455.286 1.0309
953 1305487.118 1345855.884 1.0309
954 1306855.567 1347591.225 1.0312
955 1308225.476 1348989.639 1.0312
956 1309596.738 1350389.408 1.0311
957 1310966.556 1351787.732 1.0311
958 1312336.434 1353184.758 1.0311
959 1313705.756 1354606.159 1.0311
960 1315076.959 1356005.867 1.0311
961 1316444.156 1357401.571 1.0311
962 1317815.397 1358801.318 1.0311
963 1319185.196 1360278.701 1.0312
964 1320555.858 1361676.512 1.0311
965 1321925.749 1363074.908 1.0311
966 1323295.617 1364473.283 1.0311
967 1324664.113 1365870.285 1.0311
968 1326033.96 1367292.177 1.0311
969 1327405.198 1368691.922 1.0311
970 1328775.924 1370089.796 1.0311
971 1330144.445 1371486.823 1.0311
972 1331512.972 1372907.334 1.0311
973 1332882.936 1374305.804 1.0311
974 1334252.811 1375704.185 1.0311
975 1335622.622 1377102.502 1.0311
976 1336994.617 1378501.646 1.031
977 1338364.462 1379923.422 1.0311
978 1339734.307 1381321.773 1.031
979 1341104.217 1382720.189 1.031
980 1342474.093 1384118.571 1.031
981 1343841.252 1385537.784 1.031
982 1345211.932 1386935.613 1.031
983 1346583.207 1388335.393 1.031
984 1347953.019 1389733.712 1.031
985 1349321.556 1391130.755 1.031
986 1350692.8 1392554.0 1.031
987 1352061.255 1393950.962 1.031
988 1353431.93 1395348.784 1.031
989 1354801.751 1396747.111 1.031
990 1356173.058 1398455.999 1.0312
991 1357540.273 1399851.72 1.0312
992 1358911.469 1401251.423 1.0312
993 1360281.364 1402649.824 1.0311
994 1361652.079 1404047.687 1.0311
995 1363021.93 1405469.525 1.0311
996 1364391.852 1406867.953 1.0311
997 1365761.718 1408266.325 1.0311
998 1367130.195 1409663.308 1.0311
999 1368500.045 1411140.78 1.0312
1000 1369870.742 1412538.626 1.0311
1001 1369872.099 1412539.983 1.0311
