1 63840.0
2 80334.9
3 84097.5
4 93841.5
5 94868.4
6 96438.4
7 96257.6
8 95769.3
9 97891.9
10 95480.2
11 90715.4
12 90714.0
13 90070.5
14 92239.6
15 91023.8
16 92822.9
17 93184.0
18 92554.5
19 92849.1
20 91916.4
21 91674.3
22 92609.0
23 92519.5
24 92929.0
25 93836.1
26 93311.0
27 93825.2
28 93958.4
29 93685.3
30 93455.8
31 92987.4
32 92472.2
33 93114.7
34 93283.8
35 92946.0
36 92609.5
37 93239.0
38 92940.8
39 93123.1
40 92538.7
41 92329.6
42 92133.7
43 92854.3
44 93083.4
45 92848.8
46 93562.4
47 92740.3
48 92265.6
49 92116.5
50 91728.8
51 92106.8
52 92195.0
53 92427.0
54 92747.6
55 92582.0
56 93006.1
57 92188.3
58 91942.6
59 91642.9
60 92151.4
61 91995.2
62 92389.4
63 92189.6
64 92159.6
65 92232.5
66 91728.8
67 91447.2
68 90811.1
69 91252.8
70 91334.9
71 91114.9
72 91257.1
73 91448.5
74 91228.1
75 91496.6
76 91001.4
77 90613.5
78 90650.9
79 90661.0
80 90911.1
81 91156.4
82 91021.5
83 91071.2
84 91163.7
85 90927.5
86 91011.7
87 90877.6
88 91265.6
89 91087.9
90 91359.4
91 91261.0
92 91518.0
93 91380.9
94 91136.7
95 90940.6
96 91072.9
97 90980.4
98 91210.2
99 91228.0
100 91239.7
101 91246.6
102 91416.5
103 91105.8
104 90920.6
105 90544.4
106 90539.4
107 90592.1
108 90667.1
109 90809.4
110 90789.1
111 91077.2
112 90940.8
113 90579.9
114 90551.9
115 90445.1
116 90668.6
117 90639.2
118 90905.2
119 90952.4
120 91157.3
121 91057.2
122 91002.9
123 91025.5
124 91125.9
125 91160.4
126 91282.1
127 91292.7
128 91496.4
129 91423.5
130 91601.9
131 91511.7
132 91430.7
133 91237.6
134 91082.7
135 90763.3
136 90982.3
137 90908.3
138 90991.5
139 90900.5
140 91126.6
141 91095.8
142 91133.9
143 90795.9
144 90896.3
145 90799.7
146 90878.9
147 90916.4
148 90897.5
149 91108.4
150 91012.1
151 91220.2
152 91167.8
153 91068.1
154 90899.2
155 90873.4
156 90958.3
157 91096.2
158 91062.6
159 91202.0
160 91200.0
161 91176.7
162 91312.7
163 91139.6
164 91012.5
165 90989.1
166 91018.3
167 91055.3
168 91052.7
169 91200.3
170 91183.6
171 91355.8
172 91333.0
173 91145.0
174 91228.7
175 90947.7
176 90986.6
177 90968.2
178 91082.3
179 91198.0
180 91152.7
181 91272.2
182 91335.9
183 91128.1
184 91132.1
185 91180.8
186 91163.0
187 91249.6
188 91371.4
189 91355.9
190 91502.0
191 91488.6
192 91380.8
193 91409.1
194 91321.7
195 91387.7
196 91229.5
197 91352.0
198 91388.2
199 91407.0
200 91465.8
201 91438.7
202 91509.8
203 91486.8
204 91250.1
205 91136.6
206 91178.1
207 91272.8
208 91311.4
209 91359.9
210 91361.7
211 91455.4
212 91436.3
213 91489.5
214 91362.4
215 91315.4
216 91232.2
217 91363.4
218 91338.1
219 91480.1
220 91511.2
221 91454.5
222 91555.5
223 91506.1
224 91644.3
225 91542.4
226 91670.2
227 91638.2
228 91738.1
229 91763.1
230 91763.3
231 91866.1
232 91832.6
233 91812.2
234 91747.1
235 91861.6
236 91890.6
237 91904.0
238 91846.1
239 91890.6
240 91918.8
241 91971.9
242 91869.7
243 91847.6
244 91677.1
245 91748.1
246 91767.2
247 91657.0
248 91753.0
249 91775.0
250 91861.0
251 91738.0
252 91639.0
253 91487.4
254 91549.3
255 91536.1
256 91523.5
257 91540.9
258 91668.8
259 91681.5
260 91637.9
261 91729.2
262 91660.0
263 91663.9
264 91608.1
265 91627.3
266 91694.3
267 91781.0
268 91774.1
269 91733.0
270 91820.2
271 91814.3
272 91794.1
273 91731.3
274 91526.9
275 91568.3
276 91594.6
277 91625.6
278 91630.0
279 91672.4
280 91757.3
281 91788.6
282 91779.4
283 91737.0
284 91732.8
285 91652.7
286 91689.0
287 91666.9
288 91743.8
289 91761.8
290 91764.9
291 91824.8
292 91789.2
293 91890.6
294 91785.8
295 91702.8
296 91594.3
297 91620.9
298 91635.0
299 91662.0
300 91773.2
301 91756.8
302 91797.8
303 91729.2
304 91701.2
305 91635.7
306 91536.0
307 91624.1
308 91639.1
309 91698.8
310 91706.0
311 91694.0
312 91738.5
313 91707.1
314 91693.3
315 91700.3
316 91689.2
317 91589.4
318 91653.7
319 91660.7
320 91669.6
321 91703.9
322 91710.5
323 91683.9
324 91733.8
325 91644.9
326 91637.5
327 91612.7
328 91689.0
329 91658.9
330 91707.6
331 91700.3
332 91752.6
333 91779.7
334 91701.9
335 91605.9
336 91542.7
337 91548.9
338 91626.0
339 91564.0
340 91629.4
341 91653.9
342 91642.0
343 91715.7
344 91639.0
345 91585.9
346 91565.5
347 91550.9
348 91520.2
349 91563.3
350 91581.1
351 91599.3
352 91615.2
353 91650.7
354 91594.6
355 91619.8
356 91549.5
357 91616.6
358 91627.1
359 91701.8
360 91693.2
361 91754.1
362 91735.2
363 91793.6
364 91807.5
365 91784.7
366 91752.3
367 91685.6
368 91726.2
369 91739.4
370 91771.3
371 91785.2
372 91784.4
373 91802.5
374 91782.5
375 91721.4
376 91676.6
377 91671.1
378 91685.5
379 91706.6
380 91692.3
381 91723.8
382 91744.5
383 91764.8
384 91773.8
385 91789.8
386 91803.7
387 91803.5
388 91856.5
389 91843.3
390 91856.2
391 91896.7
392 91875.5
393 91875.1
394 91761.1
395 91799.4
396 91781.7
397 91725.4
398 91769.3
399 91785.9
400 91794.7
401 91787.5
402 91833.8
403 91776.8
404 91757.1
405 91762.0
406 91725.7
407 91735.1
408 91730.1
409 91756.6
410 91770.7
411 91805.0
412 91809.5
413 91801.7
414 91831.7
415 91873.4
416 91756.6
417 91709.7
418 91716.8
419 91728.1
420 91747.7
421 91760.7
422 91810.3
423 91831.3
424 91817.8
425 91744.5
426 91667.0
427 91585.3
428 91580.1
429 91608.8
430 91622.9
431 91690.2
432 91702.8
433 91725.6
434 91712.9
435 91627.9
436 91617.9
437 91659.1
438 91651.5
439 91656.4
440 91680.2
441 91709.5
442 91729.6
443 91752.2
444 91751.2
445 91708.8
446 91699.0
447 91727.0
448 91645.7
449 91715.5
450 91696.0
451 91737.1
452 91774.3
453 91771.8
454 91758.9
455 91782.6
456 91791.1
457 91732.2
458 91721.6
459 91654.8
460 91638.6
461 91654.0
462 91697.5
463 91676.1
464 91701.4
465 91708.4
466 91720.6
467 91737.0
468 91776.4
469 91739.5
470 91805.4
471 91762.2
472 91821.7
473 91823.5
474 91818.1
475 91864.6
476 91863.8
477 91902.3
478 91867.5
479 91898.5
480 91878.2
481 91835.3
482 91806.0
483 91851.1
484 91865.9
485 91887.9
486 91887.3
487 91924.6
488 91930.2
489 91931.3
490 91924.4
491 91817.4
492 91866.3
493 91802.3
494 91860.2
495 91845.2
496 91900.4
497 91882.5
498 91933.9
499 91941.6
500 91896.3
501 91930.8
502 91904.4
503 91942.4
504 91898.3
505 91952.1
506 91925.8
507 91969.2
508 91987.3
509 91983.3
510 91953.5
511 91945.8
512 91983.8
513 91933.8
514 91891.6
515 91824.4
516 91866.5
517 91883.1
518 91893.4
519 91871.3
520 91900.3
521 91888.4
522 91932.9
523 91884.0
524 91925.3
525 91905.4
526 91970.2
527 91985.0
528 92035.3
529 92042.6
530 92087.4
531 92129.0
532 92127.3
533 92141.3
534 92143.6
535 92164.5
536 92191.6
537 92183.8
538 92186.8
539 92200.3
540 92229.8
541 92262.5
542 92257.6
543 92216.8
544 92180.8
545 92155.4
546 92172.1
547 92167.6
548 92144.9
549 92185.7
550 92192.8
551 92221.7
552 92244.8
553 92224.7
554 92192.7
555 92094.9
556 92080.6
557 92003.9
558 92018.4
559 91969.7
560 91982.1
561 91941.7
562 91912.0
563 91899.8
564 91877.4
565 91857.3
566 91839.2
567 91885.7
568 91896.4
569 91943.3
570 91893.1
571 91849.1
572 91893.4
573 91898.2
574 91908.5
575 91918.3
576 91923.4
577 91893.5
578 91941.6
579 91939.8
580 91946.9
581 91946.2
582 91927.2
583 91907.9
584 91889.6
585 91857.9
586 91882.6
587 91867.9
588 91870.4
589 91882.1
590 91839.3
591 91893.7
592 91858.5
593 91897.9
594 91860.3
595 91833.2
596 91860.2
597 91857.9
598 91842.3
599 91877.0
600 91852.5
601 91900.7
602 91913.8
603 91923.5
604 91917.7
605 91909.1
606 91906.0
607 91940.4
608 91938.0
609 91940.3
610 91910.4
611 91930.5
612 91917.0
613 91956.1
614 91966.4
615 92020.3
616 91998.5
617 92029.9
618 92022.9
619 92011.0
620 92008.7
621 92038.5
622 92017.6
623 91952.7
624 91929.1
625 91929.0
626 91927.3
627 91953.7
628 91909.1
629 91928.1
630 91926.5
631 91900.9
632 91893.1
633 91876.7
634 91922.9
635 91902.7
636 91899.8
637 91893.7
638 91908.2
639 91919.7
640 91928.4
641 91879.9
642 91902.8
643 91897.1
644 91901.9
645 91903.5
646 91893.1
647 91885.1
648 91858.5
649 91857.0
650 91869.7
651 91868.6
652 91871.2
653 91895.8
654 91890.8
655 91892.6
656 91899.1
657 91925.2
658 91937.5
659 91967.6
660 91959.2
661 91941.9
662 91939.7
663 91949.4
664 91929.5
665 91953.9
666 91927.0
667 91959.7
668 91940.8
669 91917.1
670 91940.5
671 91920.5
672 91954.8
673 91937.1
674 91971.5
675 91967.2
676 91948.2
677 91909.5
678 91911.0
679 91876.6
680 91857.8
681 91854.5
682 91822.4
683 91840.0
684 91850.0
685 91864.5
686 91841.6
687 91807.5
688 91760.9
689 91773.7
690 91744.4
691 91773.1
692 91756.4
693 91790.1
694 91789.9
695 91735.0
696 91749.0
697 91713.3
698 91731.5
699 91716.9
700 91723.0
701 91730.5
702 91745.1
703 91733.3
704 91720.0
705 91706.0
706 91691.1
707 91676.8
708 91669.3
709 91658.7
710 91620.6
711 91637.6
712 91625.7
713 91646.6
714 91627.3
715 91597.0
716 91616.1
717 91615.3
718 91605.3
719 91630.7
720 91612.0
721 91634.9
722 91619.0
723 91612.6
724 91602.4
725 91629.3
726 91628.6
727 91643.7
728 91656.4
729 91666.3
730 91653.3
731 91672.1
732 91670.9
733 91666.1
734 91647.2
735 91656.4
736 91640.0
737 91664.2
738 91678.5
739 91663.2
740 91709.4
741 91706.5
742 91723.7
743 91748.3
744 91720.0
745 91705.0
746 91683.8
747 91679.0
748 91635.1
749 91638.4
750 91639.7
751 91653.0
752 91667.9
753 91664.0
754 91712.3
755 91711.4
756 91740.4
757 91766.0
758 91747.4
759 91771.9
760 91746.0
761 91742.3
762 91734.2
763 91720.9
764 91706.0
765 91717.0
766 91731.9
767 91735.9
768 91723.6
769 91754.8
770 91764.1
771 91780.7
772 91782.9
773 91793.3
774 91820.8
775 91811.7
776 91813.6
777 91808.2
778 91832.5
779 91838.0
780 91849.0
781 91860.1
782 91879.7
783 91863.1
784 91841.6
785 91851.6
786 91846.4
787 91832.8
788 91870.0
789 91878.1
790 91878.7
791 91914.8
792 91919.7
793 91927.0
794 91965.3
795 91971.4
796 91970.1
797 91961.8
798 91971.4
799 91997.2
800 91980.1
801 91997.0
802 91998.4
803 92008.4
804 92037.2
805 92042.7
806 92047.2
807 92067.0
808 92077.9
809 92119.0
810 92116.3
811 92111.8
812 92103.3
813 92140.1
814 92130.3
815 92113.5
816 92141.7
817 92094.2
818 92046.5
819 92012.8
820 91994.4
821 91942.3
822 91929.4
823 91879.8
824 91881.5
825 91833.2
826 91826.0
827 91794.7
828 91746.3
829 91758.9
830 91722.2
831 91706.8
832 91714.4
833 91677.4
834 91683.6
835 91635.2
836 91591.7
837 91530.6
838 91537.8
839 91504.9
840 91507.8
841 91488.0
842 91464.9
843 91446.9
844 91412.9
845 91406.6
846 91361.9
847 91336.8
848 91296.5
849 91204.9
850 91190.2
851 91157.3
852 91170.0
853 91128.1
854 91107.4
855 91049.3
856 91028.7
857 90988.6
858 90934.5
859 90882.0
860 90857.9
861 90876.7
862 90852.8
863 90878.4
864 90848.4
865 90841.4
866 90853.0
867 90834.2
868 90845.5
869 90816.7
870 90796.3
871 90726.5
872 90700.9
873 90683.8
874 90635.6
875 90604.1
876 90550.4
877 90540.8
878 90512.4
879 90536.8
880 90520.3
881 90553.0
882 90539.9
883 90515.3
884 90538.5
885 90519.2
886 90542.4
887 90515.3
888 90484.5
889 90473.6
890 90419.9
891 90392.2
892 90325.3
893 90325.1
894 90296.5
895 90312.9
896 90296.9
897 90324.8
898 90309.8
899 90323.1
900 90322.2
901 90302.8
902 90331.0
903 90318.7
904 90312.1
905 90277.7
906 90255.3
907 90183.1
908 90177.1
909 90148.2
910 90158.4
911 90142.9
912 90142.6
913 90159.8
914 90144.4
915 90176.7
916 90162.4
917 90192.9
918 90179.6
919 90155.6
920 90175.3
921 90156.3
922 90172.2
923 90157.5
924 90190.9
925 90180.4
926 90209.8
927 90194.8
928 90175.5
929 90208.9
930 90187.9
931 90206.7
932 90169.4
933 90165.8
934 90139.1
935 90168.8
936 90154.0
937 90187.3
938 90176.7
939 90209.9
940 90200.9
941 90190.8
942 90218.7
943 90205.7
944 90219.2
945 90164.5
946 90166.6
947 90136.6
948 90162.1
949 90142.7
950 90162.0
951 90141.1
952 90161.5
953 90161.9
954 90143.0
955 90174.6
956 90162.8
957 90185.8
958 90176.4
959 90164.9
960 90188.6
961 90179.5
962 90200.0
963 90179.1
964 90205.6
965 90186.6
966 90216.1
967 90195.4
968 90207.2
969 90185.8
970 90211.3
971 90196.3
972 90217.1
973 90203.4
974 90207.3
975 90222.5
976 90213.0
977 90239.0
978 90229.4
979 90252.4
980 90232.1
981 90231.7
982 90223.6
983 90224.2
984 90198.8
985 90222.5
986 90209.4
987 90225.9
988 90216.6
989 90245.5
990 90226.8
991 90225.1
992 90235.9
993 90223.2
994 90249.7
995 90221.8
996 90245.9
997 90230.6
998 90259.1
999 90241.6
1000 90272.3
