1 1394.635 1970.822 1.4131
2 2792.068 3989.256 1.4288
3 4188.06 5964.642 1.4242
4 5585.453 7996.711 1.4317
5 6984.238 10062.973 1.4408
6 8381.661 12094.221 1.4429
7 9779.069 14136.342 1.4456
8 11176.47 16128.374 1.4431
9 12573.88 18171.141 1.4451
10 13969.898 20204.918 1.4463
11 15367.317 22226.718 1.4464
12 16763.316 24278.218 1.4483
13 18162.127 26357.578 1.4512
14 19559.55 28350.223 1.4494
15 20956.97 30377.866 1.4495
16 22352.982 32370.706 1.4482
17 23750.402 34477.106 1.4516
18 25149.216 36531.361 1.4526
19 26546.605 38560.322 1.4526
20 27942.605 40624.103 1.4538
21 29338.607 42634.156 1.4532
22 30737.406 44638.734 1.4523
23 32134.785 46712.458 1.4536
24 33532.173 48725.117 1.4531
25 34929.583 50784.736 1.4539
26 36325.579 52862.605 1.4552
27 37724.374 54856.992 1.4542
28 39120.391 56882.767 1.454
29 40517.816 58953.901 1.455
30 41916.629 60982.739 1.4549
31 43312.636 63034.431 1.4553
32 44710.044 65084.933 1.4557
33 46107.46 67134.343 1.456
34 47504.855 69160.834 1.4559
35 48902.275 71172.673 1.4554
36 50299.686 73250.923 1.4563
37 51695.683 75305.895 1.4567
38 53094.484 77335.992 1.4566
39 54490.506 79384.931 1.4569
40 55887.932 81408.399 1.4566
41 57285.348 83427.002 1.4563
42 58682.776 85493.858 1.4569
43 60078.791 87531.521 1.4569
44 61477.591 89577.6 1.4571
45 62874.969 91669.486 1.458
46 64270.98 93687.907 1.4577
47 65669.787 95716.709 1.4575
48 67067.197 97710.744 1.4569
49 68464.611 99801.685 1.4577
50 69860.623 101861.354 1.4581
51 71256.649 103880.317 1.4578
52 72655.45 105910.67 1.4577
53 74052.874 107967.204 1.458
54 75448.891 109948.33 1.4573
55 76847.682 112012.748 1.4576
56 78245.081 114085.501 1.4581
57 79642.508 116134.474 1.4582
58 81039.925 118182.488 1.4583
59 82435.932 120186.19 1.4579
60 83834.732 122224.68 1.4579
61 85230.734 124243.131 1.4577
62 86628.132 126334.984 1.4584
63 88025.549 128388.016 1.4585
64 89421.546 130400.993 1.4583
65 90820.35 132443.771 1.4583
66 92216.353 134491.979 1.4584
67 93613.75 136509.417 1.4582
68 95011.158 138550.615 1.4583
69 96408.563 140598.419 1.4584
70 97805.974 142688.04 1.4589
71 99203.36 144708.283 1.4587
72 100600.765 146715.116 1.4584
73 101996.779 148771.255 1.4586
74 103394.19 150829.471 1.4588
75 104791.584 152841.839 1.4585
76 106190.39 154932.594 1.459
77 107587.802 156950.387 1.4588
78 108983.81 158998.155 1.4589
79 110382.619 161049.013 1.459
80 111778.632 163047.046 1.4587
81 113176.033 165108.381 1.4589
82 114573.438 167191.186 1.4592
83 115970.859 169225.946 1.4592
84 117368.278 171243.426 1.459
85 118765.684 173232.688 1.4586
86 120163.128 175311.541 1.4589
87 121559.137 177348.382 1.4589
88 122956.541 179379.177 1.4589
89 124353.949 181476.304 1.4594
90 125751.376 183520.427 1.4594
91 127148.777 185505.342 1.459
92 128546.196 187554.721 1.459
93 129943.609 189585.654 1.459
94 131341.031 191634.62 1.4591
95 132738.426 193687.161 1.4592
96 134135.846 195736.423 1.4592
97 135533.278 197778.423 1.4593
98 136930.681 199797.219 1.4591
99 138326.677 201831.2 1.4591
100 139725.481 203915.012 1.4594
101 141121.489 205910.46 1.4591
102 142518.894 208004.802 1.4595
103 143914.909 210044.014 1.4595
104 145313.721 212053.705 1.4593
105 146711.133 214103.786 1.4594
106 148108.541 216167.848 1.4595
107 149505.946 218203.973 1.4595
108 150903.358 220264.237 1.4596
109 152300.777 222282.65 1.4595
110 153696.803 224330.365 1.4596
111 155094.197 226358.364 1.4595
112 156490.202 228378.021 1.4594
113 157887.604 230460.11 1.4596
114 159286.404 232507.841 1.4597
115 160682.408 234524.453 1.4596
116 162081.207 236573.161 1.4596
117 163478.611 238567.114 1.4593
118 164874.613 240603.486 1.4593
119 166272.035 242660.805 1.4594
120 167669.452 244715.669 1.4595
121 169065.446 246779.87 1.4597
122 170464.258 248799.613 1.4595
123 171860.268 250792.457 1.4593
124 173257.697 252861.304 1.4595
125 174656.497 254871.438 1.4593
126 176052.506 256923.338 1.4594
127 177449.921 259012.219 1.4596
128 178847.341 261035.04 1.4595
129 180246.15 263060.677 1.4595
130 181642.151 265088.413 1.4594
131 183039.544 267123.639 1.4594
132 184435.532 269161.926 1.4594
133 185834.333 271176.864 1.4592
134 187230.34 273271.978 1.4595
135 188629.121 275328.461 1.4596
136 190025.131 277307.018 1.4593
137 191423.932 279361.486 1.4594
138 192821.357 281436.876 1.4596
139 194218.774 283464.327 1.4595
140 195614.794 285550.805 1.4598
141 197012.204 287577.862 1.4597
142 198409.63 289615.507 1.4597
143 199807.039 291646.719 1.4596
144 201204.439 293685.585 1.4596
145 202601.837 295756.951 1.4598
146 203997.836 297781.225 1.4597
147 205396.668 299851.642 1.4599
148 206792.679 301893.939 1.4599
149 208190.076 303879.855 1.4596
150 209588.895 305929.193 1.4597
151 210983.508 308021.795 1.4599
152 212382.312 310054.902 1.4599
153 213778.33 312100.129 1.4599
154 215177.132 314111.456 1.4598
155 216573.132 316166.34 1.4599
156 217971.928 318189.06 1.4598
157 219369.338 320223.916 1.4597
158 220765.332 322317.404 1.46
159 222164.134 324364.818 1.46
160 223561.517 326379.98 1.4599
161 224957.511 328431.947 1.46
162 226354.93 330425.209 1.4598
163 227752.352 332490.694 1.4599
164 229149.769 334572.822 1.4601
165 230547.179 336589.552 1.46
166 231944.603 338645.277 1.46
167 233342.021 340685.681 1.46
168 234739.428 342699.235 1.4599
169 236136.822 344731.58 1.4599
170 237532.818 346766.704 1.4599
171 238930.237 348855.691 1.4601
172 240327.626 350910.704 1.4601
173 241725.023 352913.759 1.46
174 243121.019 354960.843 1.46
175 244519.813 356998.885 1.46
176 245915.797 359018.856 1.4599
177 247314.601 361098.699 1.4601
178 248711.983 363134.091 1.4601
179 250109.424 365183.832 1.4601
180 251506.818 367220.322 1.4601
181 252901.435 369230.564 1.46
182 254300.233 371275.564 1.46
183 255697.629 373347.379 1.4601
184 257095.027 375421.291 1.4602
185 258492.429 377485.886 1.4603
186 259889.837 379477.589 1.4601
187 261287.237 381524.94 1.4602
188 262684.645 383585.011 1.4602
189 264082.037 385612.118 1.4602
190 265479.448 387672.984 1.4603
191 266875.47 389752.034 1.4604
192 268272.875 391776.332 1.4604
193 269668.886 393799.457 1.4603
194 271067.703 395801.318 1.4602
195 272463.699 397846.399 1.4602
196 273862.497 399945.534 1.4604
197 275259.907 401977.892 1.4604
198 276657.297 404027.113 1.4604
199 278054.702 406082.745 1.4604
200 279452.103 408067.056 1.4602
201 280848.125 410129.968 1.4603
202 282244.125 412165.658 1.4603
203 283642.922 414229.919 1.4604
204 285038.927 416298.225 1.4605
205 286437.734 418331.353 1.4605
206 287833.743 420361.135 1.4604
207 289231.152 422384.533 1.4604
208 290629.952 424437.842 1.4604
209 292025.961 426526.7 1.4606
210 293424.753 428555.189 1.4605
211 294820.776 430578.013 1.4605
212 296218.167 432624.674 1.4605
213 297615.567 434630.483 1.4604
214 299012.975 436688.036 1.4604
215 300410.387 438756.553 1.4605
216 301807.801 440813.175 1.4606
217 303205.202 442851.157 1.4606
218 304601.203 444836.649 1.4604
219 305998.611 446878.343 1.4604
220 307396.023 448939.749 1.4605
221 308793.43 450956.801 1.4604
222 310189.458 453010.285 1.4604
223 311588.271 455074.825 1.4605
224 312984.274 457124.751 1.4605
225 314383.087 459159.993 1.4605
226 315779.112 461171.506 1.4604
227 317177.916 463245.804 1.4605
228 318575.333 465288.015 1.4605
229 319971.347 467310.259 1.4605
230 321370.161 469369.182 1.4605
231 322766.189 471356.752 1.4604
232 324163.59 473391.16 1.4603
233 325561.0 475459.505 1.4604
234 326958.41 477496.316 1.4604
235 328355.814 479554.065 1.4605
236 329751.825 481610.908 1.4605
237 331150.631 483637.298 1.4605
238 332546.644 485649.292 1.4604
239 333944.065 487668.501 1.4603
240 335341.477 489745.185 1.4604
241 336738.872 491800.148 1.4605
242 338134.886 493853.674 1.4605
243 339533.68 495888.435 1.4605
244 340931.068 497916.448 1.4605
245 342328.476 499924.028 1.4604
246 343725.88 501983.643 1.4604
247 345121.915 504012.706 1.4604
248 346520.715 506104.102 1.4605
249 347918.122 508139.347 1.4605
250 349315.529 510127.784 1.4604
251 350710.148 512183.962 1.4604
252 352108.94 514236.647 1.4604
253 353504.955 516251.728 1.4604
254 354903.766 518335.462 1.4605
255 356301.159 520373.001 1.4605
256 357698.569 522395.807 1.4604
257 359095.982 524429.264 1.4604
258 360493.394 526449.791 1.4604
259 361890.796 528511.204 1.4604
260 363288.215 530571.645 1.4605
261 364684.238 532625.459 1.4605
262 366081.658 534686.699 1.4606
263 367479.078 536680.384 1.4604
264 368876.504 538718.594 1.4604
265 370273.892 540779.062 1.4605
266 371671.317 542810.905 1.4605
267 373068.713 544881.961 1.4605
268 374466.101 546950.881 1.4606
269 375862.117 548952.387 1.4605
270 377260.922 550977.026 1.4605
271 378656.918 553015.158 1.4605
272 380054.328 555096.239 1.4606
273 381451.725 557143.775 1.4606
274 382849.121 559169.439 1.4605
275 384246.514 561237.95 1.4606
276 385642.519 563250.4 1.4606
277 387041.334 565250.94 1.4604
278 388437.353 567325.391 1.4605
279 389836.166 569369.515 1.4605
280 391232.16 571431.886 1.4606
281 392629.552 573490.823 1.4606
282 394025.579 575506.655 1.4606
283 395424.402 577533.988 1.4605
284 396820.404 579611.276 1.4606
285 398217.805 581656.49 1.4606
286 399616.605 583712.402 1.4607
287 401012.611 585746.432 1.4607
288 402411.406 587794.255 1.4607
289 403807.417 589832.699 1.4607
290 405204.816 591848.497 1.4606
291 406602.22 593928.763 1.4607
292 407999.611 595977.494 1.4607
293 409397.009 598010.63 1.4607
294 410793.017 600067.521 1.4608
295 412190.432 602050.722 1.4606
296 413589.221 604092.286 1.4606
297 414985.24 606151.475 1.4607
298 416384.017 608198.42 1.4607
299 417780.024 610247.089 1.4607
300 419178.818 612308.466 1.4607
301 420574.806 614306.184 1.4606
302 421972.196 616328.685 1.4606
303 423369.605 618363.016 1.4606
304 424765.624 620427.233 1.4606
305 426164.411 622481.662 1.4607
306 427561.819 624531.077 1.4607
307 428957.838 626581.458 1.4607
308 430356.623 628561.754 1.4606
309 431752.616 630598.43 1.4606
310 433150.021 632685.867 1.4607
311 434546.051 634702.151 1.4606
312 435944.847 636769.996 1.4607
313 437342.252 638835.922 1.4607
314 438739.664 640814.605 1.4606
315 440137.085 642837.846 1.4605
316 441533.093 644877.013 1.4605
317 442931.892 646957.1 1.4606
318 444327.887 649012.584 1.4607
319 445725.297 651034.914 1.4606
320 447122.729 653093.589 1.4607
321 448518.731 655114.101 1.4606
322 449917.526 657121.507 1.4605
323 451314.946 659206.986 1.4606
324 452712.356 661225.725 1.4606
325 454109.737 663280.556 1.4606
326 455507.132 665335.831 1.4606
327 456904.535 667366.572 1.4606
328 458300.558 669385.37 1.4606
329 459697.954 671450.892 1.4606
330 461095.344 673484.92 1.4606
331 462492.741 675578.446 1.4607
332 463888.734 677584.823 1.4607
333 465287.527 679622.167 1.4606
334 466684.917 681678.276 1.4607
335 468082.318 683691.458 1.4606
336 469479.745 685744.789 1.4606
337 470875.739 687850.27 1.4608
338 472274.552 689873.179 1.4607
339 473671.943 691904.453 1.4607
340 475069.354 693923.091 1.4607
341 476465.384 695968.853 1.4607
342 477862.782 698024.089 1.4607
343 479260.189 700084.261 1.4608
344 480657.582 702143.691 1.4608
345 482054.986 704169.368 1.4608
346 483452.384 706179.391 1.4607
347 484848.405 708216.725 1.4607
348 486245.82 710258.088 1.4607
349 487643.24 712342.949 1.4608
350 489042.041 714423.361 1.4609
351 490438.039 716416.886 1.4608
352 491835.437 718466.918 1.4608
353 493232.858 720509.868 1.4608
354 494628.875 722520.023 1.4607
355 496027.676 724593.062 1.4608
356 497423.694 726626.34 1.4608
357 498822.503 728685.67 1.4608
358 500219.904 730713.576 1.4608
359 501615.919 732715.392 1.4607
360 503014.727 734768.804 1.4607
361 504409.339 736814.717 1.4607
362 505808.14 738860.833 1.4608
363 507205.539 740965.815 1.4609
364 508602.924 742945.403 1.4608
365 510000.327 744974.9 1.4607
366 511396.321 747034.618 1.4608
367 512793.714 749058.961 1.4607
368 514191.124 751118.078 1.4608
369 515589.941 753212.046 1.4609
370 516987.361 755228.659 1.4608
371 518381.964 757241.868 1.4608
372 519780.787 759245.795 1.4607
373 521178.183 761335.438 1.4608
374 522575.591 763391.969 1.4608
375 523972.998 765420.261 1.4608
376 525370.396 767525.154 1.4609
377 526766.393 769539.453 1.4609
378 528165.212 771529.378 1.4608
379 529562.613 773583.367 1.4608
380 530958.609 775620.547 1.4608
381 532356.018 777675.874 1.4608
382 533753.427 779739.834 1.4609
383 535150.842 781732.938 1.4608
384 536546.851 783789.452 1.4608
385 537945.644 785793.386 1.4607
386 539343.056 787850.433 1.4608
387 540739.086 789924.303 1.4608
388 542136.51 791944.09 1.4608
389 543533.931 793997.074 1.4608
390 544931.357 796036.51 1.4608
391 546328.75 798060.974 1.4608
392 547726.165 800114.744 1.4608
393 549123.566 802128.772 1.4607
394 550519.568 804220.942 1.4608
395 551916.974 806303.394 1.4609
396 553315.76 808293.559 1.4608
397 554713.184 810339.149 1.4608
398 556110.587 812388.534 1.4608
399 557507.994 814412.68 1.4608
400 558905.412 816477.858 1.4609
401 560300.02 818513.905 1.4608
402 561698.806 820555.026 1.4608
403 563094.838 822576.914 1.4608
404 564492.246 824594.074 1.4608
405 565891.083 826675.534 1.4608
406 567288.487 828724.196 1.4609
407 568685.885 830750.813 1.4608
408 570081.879 832823.833 1.4609
409 571480.685 834814.373 1.4608
410 572876.685 836843.927 1.4608
411 574274.097 838932.085 1.4609
412 575671.512 840963.219 1.4608
413 577067.507 843001.468 1.4608
414 578464.899 845093.205 1.4609
415 579863.692 847099.929 1.4609
416 581261.112 849123.788 1.4608
417 582658.526 851131.85 1.4608
418 584055.925 853220.552 1.4609
419 585451.94 855275.497 1.4609
420 586850.742 857308.833 1.4609
421 588246.77 859368.645 1.4609
422 589644.154 861388.517 1.4609
423 591040.156 863377.213 1.4608
424 592438.967 865470.332 1.4609
425 593836.38 867478.542 1.4608
426 595233.768 869541.945 1.4608
427 596629.792 871630.989 1.4609
428 598028.594 873635.252 1.4609
429 599425.995 875661.438 1.4608
430 600823.409 877721.418 1.4609
431 602219.41 879774.266 1.4609
432 603616.818 881821.792 1.4609
433 605014.23 883869.081 1.4609
434 606411.637 885910.757 1.4609
435 607807.645 887927.638 1.4609
436 609206.471 889936.506 1.4608
437 610603.883 892020.649 1.4609
438 611999.871 894073.478 1.4609
439 613398.676 896111.477 1.4609
440 614796.075 898170.937 1.4609
441 616192.096 900166.017 1.4609
442 617589.512 902196.352 1.4608
443 618985.502 904271.137 1.4609
444 620382.907 906322.626 1.4609
445 621781.706 908384.961 1.4609
446 623177.743 910437.781 1.461
447 624576.565 912444.381 1.4609
448 625973.976 914502.747 1.4609
449 627370.004 916505.808 1.4609
450 628768.818 918584.388 1.4609
451 630163.436 920657.332 1.461
452 631562.246 922670.526 1.4609
453 632959.645 924704.243 1.4609
454 634357.05 926768.583 1.461
455 635754.468 928767.442 1.4609
456 637151.886 930822.02 1.4609
457 638547.89 932830.338 1.4609
458 639945.291 934930.232 1.461
459 641342.702 936960.617 1.4609
460 642740.122 938955.829 1.4609
461 644137.516 941013.481 1.4609
462 645534.933 943025.434 1.4608
463 646932.347 945079.841 1.4609
464 648328.341 947153.67 1.4609
465 649725.741 949183.554 1.4609
466 651124.531 951216.416 1.4609
467 652521.939 953260.299 1.4609
468 653917.956 955270.207 1.4608
469 655315.36 957307.095 1.4608
470 656714.147 959345.871 1.4608
471 658110.16 961425.008 1.4609
472 659507.569 963469.904 1.4609
473 660904.999 965451.333 1.4608
474 662302.419 967501.476 1.4608
475 663699.829 969579.912 1.4609
476 665095.829 971588.113 1.4608
477 666494.635 973668.146 1.4609
478 667890.659 975702.798 1.4609
479 669289.459 977727.081 1.4608
480 670686.859 979761.832 1.4608
481 672081.456 981792.028 1.4608
482 673480.252 983858.206 1.4609
483 674877.676 985912.276 1.4609
484 676275.078 987954.509 1.4609
485 677671.085 989980.208 1.4609
486 679068.484 991987.305 1.4608
487 680467.285 994060.255 1.4608
488 681864.702 996109.935 1.4609
489 683262.122 998124.549 1.4608
490 684658.138 1000220.374 1.4609
491 686055.533 1002276.578 1.4609
492 687451.546 1004255.155 1.4608
493 688850.33 1006295.063 1.4608
494 690246.345 1008337.321 1.4608
495 691645.152 1010383.857 1.4608
496 693042.553 1012457.84 1.4609
497 694439.939 1014518.909 1.4609
498 695837.348 1016542.232 1.4609
499 697234.77 1018580.418 1.4609
500 698630.765 1020612.72 1.4609
501 700026.774 1022669.163 1.4609
502 701425.581 1024698.601 1.4609
503 702822.984 1026794.277 1.461
504 704220.393 1028823.68 1.4609
505 705617.813 1030811.244 1.4609
506 707013.819 1032875.362 1.4609
507 708412.609 1034931.466 1.4609
508 709808.603 1036935.7 1.4609
509 711207.407 1039031.06 1.4609
510 712603.42 1041054.512 1.4609
511 714000.811 1043094.359 1.4609
512 715396.839 1045137.975 1.4609
513 716795.656 1047168.787 1.4609
514 718193.051 1049235.165 1.4609
515 719590.477 1051310.635 1.461
516 720987.867 1053342.947 1.461
517 722383.875 1055364.32 1.4609
518 723782.683 1057363.557 1.4609
519 725180.096 1059436.501 1.4609
520 726577.489 1061493.019 1.4609
521 727973.5 1063499.163 1.4609
522 729370.894 1065595.75 1.461
523 730766.917 1067650.214 1.461
524 732165.734 1069640.363 1.4609
525 733561.744 1071666.2 1.4609
526 734960.573 1073711.339 1.4609
527 736356.603 1075771.723 1.4609
528 737754.018 1077838.006 1.461
529 739152.829 1079875.295 1.461
530 740550.249 1081918.437 1.461
531 741946.272 1083934.443 1.4609
532 743342.268 1085950.3 1.4609
533 744741.068 1088025.592 1.4609
534 746138.472 1090066.602 1.4609
535 747535.885 1092127.719 1.461
536 748933.308 1094154.685 1.461
537 750330.699 1096176.959 1.4609
538 751728.09 1098217.543 1.4609
539 753125.516 1100270.18 1.4609
540 754521.535 1102317.356 1.4609
541 755918.95 1104377.949 1.461
542 757314.969 1106374.315 1.4609
543 758713.759 1108421.58 1.4609
544 760111.172 1110480.819 1.4609
545 761508.572 1112494.655 1.4609
546 762905.992 1114553.148 1.4609
547 764303.384 1116595.297 1.4609
548 765699.395 1118639.238 1.4609
549 767098.201 1120681.787 1.4609
550 768495.604 1122688.968 1.4609
551 769891.622 1124721.694 1.4609
552 771289.024 1126782.195 1.4609
553 772686.422 1128822.811 1.4609
554 774083.814 1130894.106 1.4609
555 775481.228 1132889.178 1.4609
556 776878.641 1134937.332 1.4609
557 778274.643 1136961.717 1.4609
558 779673.469 1138994.257 1.4609
559 781069.481 1141056.993 1.4609
560 782468.293 1143143.613 1.4609
561 783862.909 1145150.308 1.4609
562 785261.705 1147191.019 1.4609
563 786659.112 1149196.228 1.4609
564 788056.533 1151255.032 1.4609
565 789452.52 1153312.282 1.4609
566 790851.34 1155367.092 1.4609
567 792248.738 1157410.508 1.4609
568 793644.749 1159429.853 1.4609
569 795043.564 1161442.634 1.4609
570 796439.57 1163488.897 1.4609
571 797836.991 1165504.872 1.4608
572 799234.397 1167601.974 1.4609
573 800631.81 1169658.853 1.4609
574 802027.832 1171638.612 1.4608
575 803426.639 1173675.759 1.4608
576 804822.641 1175746.34 1.4609
577 806220.037 1177771.682 1.4609
578 807618.832 1179832.041 1.4609
579 809014.836 1181874.214 1.4609
580 810412.246 1183916.277 1.4609
581 811809.658 1185944.314 1.4609
582 813205.648 1187961.343 1.4608
583 814604.447 1190024.327 1.4609
584 816001.839 1192083.98 1.4609
585 817399.248 1194130.895 1.4609
586 818795.259 1196188.368 1.4609
587 820192.668 1198173.938 1.4608
588 821591.484 1200213.005 1.4608
589 822988.879 1202288.386 1.4609
590 824386.286 1204303.515 1.4608
591 825782.284 1206358.912 1.4609
592 827178.292 1208466.179 1.461
593 828577.085 1210450.445 1.4609
594 829974.514 1212478.909 1.4609
595 831371.91 1214485.36 1.4608
596 832769.303 1216561.879 1.4609
597 834165.318 1218623.727 1.4609
598 835564.116 1220673.464 1.4609
599 836961.526 1222747.103 1.4609
600 838357.545 1224763.482 1.4609
601 839754.961 1226750.365 1.4608
602 841152.378 1228830.754 1.4609
603 842549.806 1230847.793 1.4609
604 843947.204 1232912.225 1.4609
605 845344.604 1234992.937 1.4609
606 846742.009 1236984.139 1.4609
607 848138.022 1239007.509 1.4609
608 849536.826 1241091.044 1.4609
609 850932.854 1243105.284 1.4609
610 852331.647 1245155.201 1.4609
611 853727.664 1247206.264 1.4609
612 855123.656 1249243.304 1.4609
613 856522.463 1251274.863 1.4609
614 857918.473 1253279.672 1.4608
615 859317.269 1255361.22 1.4609
616 860714.672 1257421.687 1.4609
617 862112.089 1259474.923 1.4609
618 863508.11 1261530.52 1.4609
619 864906.907 1263531.196 1.4609
620 866304.314 1265591.848 1.4609
621 867700.306 1267645.195 1.4609
622 869097.696 1269655.195 1.4609
623 870495.114 1271738.578 1.4609
624 871892.52 1273772.726 1.4609
625 873289.919 1275802.633 1.4609
626 874687.329 1277846.938 1.4609
627 876084.746 1279865.638 1.4609
628 877482.159 1281924.632 1.4609
629 878879.577 1283998.277 1.4609
630 880276.982 1286044.353 1.461
631 881672.998 1288070.319 1.4609
632 883070.411 1290055.625 1.4609
633 884467.817 1292129.431 1.4609
634 885865.21 1294184.295 1.4609
635 887262.612 1296202.001 1.4609
636 888658.617 1298305.205 1.461
637 890056.044 1300349.325 1.461
638 891454.865 1302346.915 1.4609
639 892852.264 1304404.323 1.4609
640 894249.659 1306413.616 1.4609
641 895645.655 1308465.575 1.4609
642 897043.075 1310526.69 1.4609
643 898440.502 1312588.985 1.461
644 899837.909 1314618.689 1.461
645 901233.919 1316645.822 1.4609
646 902631.325 1318654.659 1.4609
647 904030.109 1320737.378 1.4609
648 905427.522 1322748.733 1.4609
649 906824.929 1324819.032 1.4609
650 908222.348 1326883.073 1.461
651 909618.349 1328865.055 1.4609
652 911015.759 1330916.908 1.4609
653 912413.18 1332997.863 1.461
654 913810.573 1334997.79 1.4609
655 915207.989 1337056.814 1.4609
656 916605.412 1339109.736 1.4609
657 918002.82 1341150.531 1.4609
658 919400.242 1343177.266 1.4609
659 920796.255 1345181.528 1.4609
660 922195.055 1347288.63 1.461
661 923591.063 1349341.633 1.461
662 924988.448 1351368.696 1.461
663 926385.857 1353412.407 1.461
664 927783.248 1355416.736 1.4609
665 929180.674 1357449.292 1.4609
666 930578.092 1359535.72 1.461
667 931975.493 1361585.04 1.461
668 933372.883 1363629.99 1.461
669 934770.285 1365667.043 1.461
670 936167.71 1367687.564 1.4609
671 937563.734 1369719.585 1.4609
672 938961.144 1371735.393 1.4609
673 940357.167 1373829.39 1.461
674 941754.543 1375892.526 1.461
675 943153.359 1377898.23 1.4609
676 944550.755 1379947.061 1.461
677 945948.15 1381989.072 1.461
678 947345.56 1383999.281 1.4609
679 948741.551 1386061.05 1.4609
680 950138.943 1388113.632 1.461
681 951534.949 1390174.297 1.461
682 952932.378 1392200.271 1.461
683 954329.786 1394214.467 1.4609
684 955728.584 1396271.785 1.461
685 957125.979 1398333.089 1.461
686 958521.987 1400377.013 1.461
687 959919.396 1402461.343 1.461
688 961316.805 1404448.716 1.461
689 962714.231 1406484.473 1.461
690 964113.036 1408535.46 1.461
691 965507.645 1410559.197 1.461
692 966906.455 1412627.165 1.461
693 968303.861 1414720.23 1.461
694 969699.867 1416732.086 1.461
695 971098.665 1418754.516 1.461
696 972494.671 1420741.52 1.4609
697 973893.477 1422833.265 1.461
698 975290.911 1424883.406 1.461
699 976686.928 1426899.308 1.461
700 978084.352 1428980.856 1.461
701 979480.356 1430978.611 1.461
702 980879.156 1433005.313 1.4609
703 982275.165 1435073.626 1.461
704 983673.972 1437103.646 1.461
705 985069.978 1439146.691 1.461
706 986467.382 1441244.683 1.461
707 987866.186 1443234.84 1.461
708 989263.574 1445270.164 1.461
709 990659.607 1447291.826 1.4609
710 992058.408 1449337.391 1.4609
711 993453.01 1451394.02 1.461
712 994850.407 1453447.847 1.461
713 996249.198 1455489.529 1.461
714 997645.208 1457511.214 1.461
715 999042.625 1459516.933 1.4609
716 1000441.42 1461588.141 1.4609
717 1001838.835 1463605.267 1.4609
718 1003236.237 1465658.34 1.4609
719 1004632.249 1467746.301 1.461
720 1006031.045 1469770.678 1.461
721 1007425.669 1471780.094 1.4609
722 1008824.474 1473827.226 1.4609
723 1010220.484 1475866.402 1.4609
724 1011619.296 1477933.049 1.461
725 1013015.299 1479969.036 1.461
726 1014414.109 1482042.563 1.461
727 1015811.518 1484074.641 1.461
728 1017207.508 1486055.187 1.4609
729 1018604.936 1488120.092 1.4609
730 1020003.729 1490215.757 1.461
731 1021398.353 1492223.829 1.461
732 1022797.142 1494304.017 1.461
733 1024194.569 1496302.588 1.461
734 1025591.977 1498352.332 1.461
735 1026987.979 1500395.85 1.461
736 1028385.386 1502423.573 1.461
737 1029782.796 1504497.235 1.461
738 1031180.196 1506550.577 1.461
739 1032579.003 1508560.16 1.461
740 1033975.028 1510621.79 1.461
741 1035371.029 1512618.433 1.4609
742 1036768.441 1514691.937 1.461
743 1038167.235 1516746.986 1.461
744 1039563.244 1518791.161 1.461
745 1040962.045 1520838.472 1.461
746 1042358.062 1522868.391 1.461
747 1043756.877 1524901.623 1.461
748 1045154.279 1526962.484 1.461
749 1046551.672 1528966.738 1.461
750 1047947.704 1531041.991 1.461
751 1049343.716 1533104.672 1.461
752 1050742.523 1535096.056 1.461
753 1052138.515 1537139.695 1.461
754 1053537.322 1539193.307 1.461
755 1054933.326 1541215.918 1.461
756 1056330.725 1543282.256 1.461
757 1057728.129 1545356.225 1.461
758 1059125.544 1547368.454 1.461
759 1060522.954 1549407.242 1.461
760 1061920.347 1551423.653 1.461
761 1063317.754 1553490.419 1.461
762 1064715.153 1555549.576 1.461
763 1066111.169 1557585.393 1.461
764 1067509.96 1559667.706 1.461
765 1068907.373 1561652.49 1.461
766 1070304.785 1563684.588 1.461
767 1071702.205 1565772.768 1.461
768 1073098.229 1567780.945 1.461
769 1074495.633 1569834.835 1.461
770 1075893.044 1571917.922 1.461
771 1077289.057 1573935.989 1.461
772 1078686.466 1575955.945 1.461
773 1080083.861 1577965.637 1.461
774 1081481.262 1580053.274 1.461
775 1082880.06 1582115.944 1.461
776 1084276.066 1584136.972 1.461
777 1085674.887 1586183.868 1.461
778 1087070.896 1588244.508 1.461
779 1088468.3 1590239.614 1.461
780 1089865.713 1592290.602 1.461
781 1091263.118 1594306.557 1.461
782 1092660.51 1596413.379 1.461
783 1094056.52 1598458.555 1.461
784 1095455.31 1600451.929 1.461
785 1096852.728 1602487.85 1.461
786 1098250.121 1604534.336 1.461
787 1099646.129 1606578.785 1.461
788 1101043.54 1608640.874 1.461
789 1102442.335 1610681.809 1.461
790 1103839.763 1612711.977 1.461
791 1105235.769 1614733.922 1.461
792 1106633.171 1616739.872 1.461
793 1108029.178 1618811.62 1.461
794 1109427.999 1620837.641 1.461
795 1110823.99 1622907.988 1.461
796 1112222.792 1624996.984 1.461
797 1113620.209 1626977.962 1.461
798 1115016.226 1629003.438 1.461
799 1116413.631 1631084.354 1.461
800 1117812.425 1633108.329 1.461
801 1119207.042 1635163.126 1.461
802 1120604.454 1637214.76 1.461
803 1122001.863 1639256.312 1.461
804 1123400.686 1641276.612 1.461
805 1124798.085 1643300.086 1.461
806 1126195.481 1645395.831 1.461
807 1127592.908 1647437.789 1.461
808 1128988.91 1649465.253 1.461
809 1130387.72 1651535.323 1.461
810 1131783.723 1653540.759 1.461
811 1133179.706 1655558.52 1.461
812 1134577.125 1657653.05 1.461
813 1135975.911 1659695.351 1.461
814 1137371.93 1661741.141 1.461
815 1138769.331 1663800.649 1.4611
816 1140168.156 1665816.971 1.461
817 1141565.548 1667832.692 1.461
818 1142962.967 1669858.809 1.461
819 1144358.98 1671947.073 1.461
820 1145756.369 1674014.518 1.4611
821 1147153.778 1676052.244 1.4611
822 1148549.799 1678092.976 1.4611
823 1149947.207 1680140.026 1.4611
824 1151344.591 1682136.802 1.461
825 1152743.396 1684210.817 1.461
826 1154139.401 1686241.819 1.461
827 1155536.801 1688305.656 1.4611
828 1156934.198 1690349.796 1.4611
829 1158332.995 1692360.807 1.461
830 1159730.409 1694413.861 1.461
831 1161125.023 1696463.751 1.4611
832 1162523.81 1698510.557 1.4611
833 1163919.805 1700579.427 1.4611
834 1165317.205 1702586.233 1.461
835 1166716.016 1704648.874 1.4611
836 1168112.027 1706678.143 1.4611
837 1169509.416 1708669.548 1.461
838 1170908.22 1710769.512 1.4611
839 1172305.629 1712816.204 1.4611
840 1173701.652 1714845.285 1.4611
841 1175099.053 1716894.439 1.4611
842 1176495.066 1718912.984 1.461
843 1177893.871 1720951.626 1.461
844 1179289.874 1723012.412 1.4611
845 1180688.687 1725069.471 1.4611
846 1182086.091 1727125.141 1.4611
847 1183482.117 1729175.284 1.4611
848 1184879.524 1731193.736 1.4611
849 1186278.328 1733217.018 1.4611
850 1187674.341 1735235.991 1.461
851 1189070.349 1737318.92 1.4611
852 1190467.766 1739378.254 1.4611
853 1191865.175 1741403.744 1.4611
854 1193263.995 1743447.632 1.4611
855 1194661.4 1745486.724 1.4611
856 1196058.802 1747495.437 1.461
857 1197456.226 1749565.729 1.4611
858 1198852.238 1751601.991 1.4611
859 1200251.024 1753683.089 1.4611
860 1201648.43 1755713.27 1.4611
861 1203044.428 1757718.4 1.4611
862 1204441.845 1759753.126 1.4611
863 1205837.861 1761766.632 1.461
864 1207235.27 1763832.685 1.4611
865 1208634.073 1765934.186 1.4611
866 1210030.098 1767929.365 1.4611
867 1211427.512 1769980.99 1.4611
868 1212826.337 1772015.03 1.4611
869 1214222.339 1774014.518 1.461
870 1215619.751 1776086.259 1.4611
871 1217017.16 1778130.956 1.4611
872 1218414.567 1780188.372 1.4611
873 1219810.58 1782215.726 1.4611
874 1221209.371 1784230.573 1.461
875 1222605.376 1786268.06 1.461
876 1224004.182 1788330.605 1.461
877 1225401.599 1790384.736 1.4611
878 1226798.999 1792456.999 1.4611
879 1228195.003 1794456.77 1.4611
880 1229593.826 1796501.1 1.4611
881 1230989.815 1798545.286 1.4611
882 1232387.212 1800547.321 1.461
883 1233784.613 1802611.374 1.461
884 1235182.022 1804690.562 1.4611
885 1236579.435 1806708.177 1.4611
886 1237975.468 1808736.297 1.461
887 1239372.875 1810750.757 1.461
888 1240770.279 1812791.742 1.461
889 1242169.099 1814857.493 1.461
890 1243565.099 1816909.017 1.461
891 1244961.101 1818979.982 1.4611
892 1246358.522 1821009.848 1.4611
893 1247757.323 1823025.472 1.461
894 1249153.348 1825068.95 1.461
895 1250550.753 1827080.971 1.461
896 1251949.562 1829151.594 1.461
897 1253346.962 1831246.659 1.4611
898 1254742.963 1833240.243 1.461
899 1256141.782 1835267.126 1.461
900 1257539.185 1837316.846 1.461
901 1258933.773 1839348.299 1.461
902 1260332.584 1841400.312 1.461
903 1261728.603 1843447.264 1.461
904 1263126.019 1845520.3 1.4611
905 1264523.445 1847542.599 1.4611
906 1265922.268 1849552.459 1.461
907 1267319.682 1851616.9 1.461
908 1268717.073 1853674.648 1.4611
909 1270114.494 1855711.979 1.4611
910 1271510.491 1857788.135 1.4611
911 1272906.483 1859791.57 1.4611
912 1274303.908 1861815.503 1.461
913 1275701.308 1863860.37 1.461
914 1277098.719 1865892.411 1.461
915 1278496.131 1867941.494 1.461
916 1279893.552 1870020.362 1.4611
917 1281290.939 1872052.151 1.4611
918 1282689.749 1874074.352 1.4611
919 1284085.754 1876074.674 1.461
920 1285483.15 1878139.662 1.461
921 1286879.155 1880214.441 1.4611
922 1288277.977 1882236.192 1.461
923 1289675.373 1884313.538 1.4611
924 1291071.389 1886365.779 1.4611
925 1292468.796 1888348.454 1.461
926 1293866.201 1890383.454 1.461
927 1295263.615 1892398.255 1.461
928 1296661.019 1894492.351 1.4611
929 1298059.817 1896576.47 1.4611
930 1299455.818 1898585.508 1.4611
931 1300851.819 1900624.577 1.4611
932 1302250.629 1902672.366 1.4611
933 1303648.03 1904688.209 1.461
934 1305044.053 1906742.595 1.4611
935 1306442.851 1908804.399 1.4611
936 1307840.252 1910863.464 1.4611
937 1309236.252 1912897.973 1.4611
938 1310635.057 1914928.862 1.4611
939 1312032.477 1916954.509 1.4611
940 1313428.5 1919020.122 1.4611
941 1314824.502 1921061.098 1.4611
942 1316221.917 1923127.357 1.4611
943 1317620.723 1925129.96 1.4611
944 1319016.736 1927175.398 1.4611
945 1320414.131 1929224.139 1.4611
946 1321811.557 1931235.597 1.4611
947 1323208.972 1933331.168 1.4611
948 1324606.363 1935349.637 1.4611
949 1326003.776 1937408.142 1.4611
950 1327402.594 1939471.125 1.4611
951 1328797.197 1941465.564 1.4611
952 1330194.609 1943520.799 1.4611
953 1331592.025 1945582.412 1.4611
954 1332989.434 1947629.185 1.4611
955 1334386.86 1949705.426 1.4611
956 1335784.276 1951693.675 1.4611
957 1337181.681 1953736.005 1.4611
958 1338579.099 1955797.181 1.4611
959 1339976.492 1957823.992 1.4611
960 1341375.311 1959896.381 1.4611
961 1342769.925 1961980.984 1.4611
962 1344168.716 1963986.487 1.4611
963 1345566.126 1966013.526 1.4611
964 1346962.135 1968021.605 1.4611
965 1348359.568 1970090.532 1.4611
966 1349758.371 1972146.928 1.4611
967 1351154.366 1974189.345 1.4611
968 1352551.769 1976265.648 1.4611
969 1353949.167 1978294.263 1.4611
970 1355346.567 1980293.903 1.4611
971 1356742.584 1982361.629 1.4611
972 1358139.996 1984380.631 1.4611
973 1359537.411 1986444.759 1.4611
974 1360934.815 1988542.226 1.4612
975 1362333.62 1990527.868 1.4611
976 1363729.625 1992541.081 1.4611
977 1365127.012 1994611.461 1.4611
978 1366525.804 1996639.162 1.4611
979 1367921.821 1998691.627 1.4611
980 1369320.625 2000761.118 1.4611
981 1370715.22 2002802.697 1.4611
982 1372112.652 2004832.487 1.4611
983 1373510.062 2006837.312 1.4611
984 1374908.865 2008906.497 1.4611
985 1376304.874 2010954.348 1.4611
986 1377702.277 2012984.807 1.4611
987 1379099.685 2015069.066 1.4611
988 1380497.093 2017051.097 1.4611
989 1381894.504 2019092.109 1.4611
990 1383291.886 2021145.407 1.4611
991 1384687.9 2023154.969 1.4611
992 1386085.315 2025223.279 1.4611
993 1387482.728 2027326.183 1.4612
994 1388880.118 2029307.805 1.4611
995 1390277.542 2031344.941 1.4611
996 1391676.362 2033367.732 1.4611
997 1393072.371 2035435.42 1.4611
998 1394469.788 2037496.208 1.4611
999 1395867.21 2039521.635 1.4611
1000 1397264.62 2041596.482 1.4611
