1 1318.737 1318.737 1.0
2 2688.191 2688.191 1.0
3 4057.643 4057.643 1.0
4 5427.097 5427.097 1.0
5 6796.552 6796.552 1.0
6 8166.01 8166.01 1.0
7 9535.461 9535.461 1.0
8 10904.912 10904.912 1.0
9 12274.362 12274.362 1.0
10 13686.608 13982.695 1.0216
11 15068.433 15548.463 1.0319
12 16399.43 17103.331 1.0429
13 17783.889 18718.979 1.0526
14 19167.008 20335.603 1.061
15 20550.159 21953.114 1.0683
16 21931.998 23569.595 1.0747
17 23265.546 25126.734 1.08
18 24648.593 26744.611 1.085
19 26031.772 28362.651 1.0895
20 27413.685 29979.444 1.0936
21 28795.668 31596.316 1.0973
22 30129.207 33164.755 1.1008
23 31510.931 34770.195 1.1034
24 32895.407 36389.576 1.1062
25 34278.61 38007.684 1.1088
26 35661.801 39625.781 1.1112
27 36994.185 41193.071 1.1135
28 38377.488 42811.282 1.1155
29 39760.681 44418.197 1.1171
30 41142.586 46035.011 1.1189
31 42524.3 47651.636 1.1206
32 43856.516 49218.763 1.1223
33 45241.051 50838.209 1.1237
34 46624.203 52456.272 1.1251
35 48007.386 54063.179 1.1261
36 49390.554 55681.257 1.1274
37 50722.745 57248.359 1.1287
38 52104.659 58865.184 1.1297
39 53487.682 61096.379 1.1423
40 54872.069 62715.677 1.1429
41 56252.609 64319.942 1.1434
42 57584.954 65887.198 1.1442
43 58969.61 67506.764 1.1448
44 60352.841 69124.906 1.1453
45 61736.058 70743.034 1.1459
46 63119.158 72361.045 1.1464
47 64451.443 73917.054 1.1469
48 65834.622 75535.144 1.1473
49 67216.613 77152.046 1.1478
50 68599.804 78770.147 1.1483
51 69981.524 80386.778 1.1487
52 71315.073 81955.238 1.1492
53 72696.846 83560.736 1.1494
54 74081.466 85180.266 1.1498
55 75464.79 86798.501 1.1502
56 76797.027 88365.648 1.1506
57 78180.213 89983.746 1.151
58 79562.217 91600.66 1.1513
59 80946.747 93208.915 1.1515
60 82328.617 94825.695 1.1518
61 83660.888 96392.877 1.1522
62 85044.082 98010.982 1.1525
63 86427.181 99628.992 1.1528
64 87810.346 101247.068 1.153
65 89193.545 102853.991 1.1532
66 90525.802 104421.159 1.1535
67 91908.958 106039.226 1.1537
68 93292.208 107657.386 1.154
69 94675.408 109959.795 1.1614
70 96058.466 111577.764 1.1616
71 97389.413 113132.436 1.1617
72 98771.226 114749.16 1.1618
73 100154.496 116367.34 1.1619
74 101537.638 117985.393 1.162
75 102920.804 119603.47 1.1621
76 104252.956 121170.533 1.1623
77 105637.518 122778.819 1.1623
78 107020.868 124397.08 1.1624
79 108402.808 126013.931 1.1625
80 109787.399 127633.432 1.1626
81 111118.272 129199.216 1.1627
82 112501.438 130817.293 1.1628
83 113884.654 132424.234 1.1628
84 115266.531 134041.021 1.1629
85 116649.527 135658.929 1.163
86 117981.863 137226.175 1.1631
87 119366.436 138845.659 1.1632
88 120749.643 140463.776 1.1633
89 122132.764 142070.622 1.1632
90 123516.06 143688.829 1.1633
91 124847.083 145254.762 1.1635
92 126230.242 146872.832 1.1635
93 127612.21 148489.711 1.1636
94 128995.381 150096.606 1.1636
95 130379.897 151716.033 1.1636
96 131710.933 153281.98 1.1638
97 133094.174 154900.131 1.1638
98 134478.629 156519.498 1.1639
99 135860.388 160281.099 1.1797
100 137194.092 161838.527 1.1796
101 138574.588 163453.934 1.1795
102 139957.934 165072.191 1.1794
103 141341.211 166690.378 1.1793
104 142725.782 168309.86 1.1793
105 144058.114 169877.103 1.1792
106 145440.056 171482.769 1.1791
107 146824.497 173102.122 1.179
108 148206.253 174718.788 1.1789
109 149590.697 176338.143 1.1788
110 150922.923 177905.279 1.1788
111 152303.526 179520.793 1.1787
112 153687.912 181128.904 1.1786
113 155071.043 182746.946 1.1785
114 156454.197 184365.01 1.1784
115 157786.467 185932.191 1.1784
116 159169.579 187550.214 1.1783
117 160552.809 189168.355 1.1782
118 161936.0 190775.27 1.1781
119 163317.689 192391.87 1.178
120 164650.007 193959.099 1.178
121 166033.227 195577.23 1.1779
122 167416.333 197195.247 1.1779
123 168799.472 198813.296 1.1778
124 170182.599 200420.147 1.1777
125 171514.871 201987.33 1.1777
126 172898.038 203605.408 1.1776
127 174279.917 205222.198 1.1775
128 175663.134 206840.325 1.1775
129 177046.384 209089.805 1.181
130 178378.62 210645.765 1.1809
131 179761.833 212263.889 1.1808
132 181145.026 213881.992 1.1807
133 182526.872 215498.75 1.1806
134 183911.501 217118.289 1.1806
135 185243.74 218685.439 1.1805
136 186626.953 220292.377 1.1804
137 188010.168 221910.502 1.1803
138 189392.042 223527.287 1.1802
139 190775.26 225145.416 1.1802
140 192108.935 226714.001 1.1801
141 193490.687 228330.664 1.1801
142 194873.87 229937.572 1.1799
143 196256.96 231555.573 1.1799
144 197589.206 233122.73 1.1798
145 198972.312 234740.746 1.1798
146 200355.495 236358.84 1.1797
147 201737.457 237975.713 1.1796
148 203122.065 239584.046 1.1795
149 204453.052 241149.943 1.1795
150 205836.113 242767.915 1.1794
151 207219.279 244385.992 1.1794
152 208602.529 246004.152 1.1793
153 209984.35 247620.885 1.1792
154 211318.088 249178.347 1.1792
155 212700.009 250795.179 1.1791
156 214084.587 252414.667 1.179
157 215467.723 254032.714 1.179
158 216850.862 255650.764 1.1789
159 218181.855 257216.668 1.1789
160 219566.358 259456.338 1.1817
161 220948.122 261073.012 1.1816
162 222330.073 262689.874 1.1815
163 223714.442 264309.154 1.1815
164 225046.667 265876.29 1.1814
165 226429.989 267494.523 1.1814
166 227811.735 269099.993 1.1812
167 229196.215 270719.384 1.1812
168 230578.17 272336.25 1.1811
169 231911.775 273904.765 1.1811
170 233294.825 275522.726 1.181
171 234676.631 277128.257 1.1809
172 236059.793 278746.33 1.1808
173 237441.776 280363.224 1.1808
174 238775.334 281931.692 1.1807
175 240158.513 283549.782 1.1807
176 241540.424 285166.603 1.1806
177 242924.919 286774.823 1.1805
178 244308.131 288392.945 1.1804
179 245640.359 289960.084 1.1804
180 247022.2 291576.836 1.1804
181 248405.257 293194.804 1.1803
182 249788.314 294812.772 1.1803
183 251170.226 296418.408 1.1801
184 252503.778 297986.871 1.1801
185 253886.871 299604.874 1.1801
186 255269.972 301222.886 1.18
187 256652.995 302840.82 1.18
188 258036.118 304458.854 1.1799
189 259368.461 306014.922 1.1798
190 260751.694 308410.919 1.1828
191 262133.468 310027.605 1.1827
192 263516.579 311645.626 1.1826
193 264848.754 313212.712 1.1826
194 266230.721 314829.59 1.1825
195 267615.051 316437.644 1.1824
196 268998.318 318055.822 1.1824
197 270381.473 319673.888 1.1823
198 271713.783 321241.108 1.1823
199 273095.505 322857.741 1.1822
200 274480.022 324477.169 1.1822
201 275860.63 326081.501 1.1821
202 277243.854 327699.637 1.182
203 278577.408 329268.101 1.182
204 279960.502 330886.106 1.1819
205 281343.7 332504.215 1.1818
206 282726.778 334122.203 1.1818
207 284110.13 335729.28 1.1817
208 285442.371 337296.431 1.1817
209 286824.35 338913.322 1.1816
210 288208.733 340532.616 1.1815
211 289590.511 342149.304 1.1815
212 290973.693 343767.396 1.1814
213 292306.103 345323.531 1.1814
214 293689.131 346941.47 1.1813
215 295072.343 348559.593 1.1813
216 296454.145 350176.305 1.1812
217 297838.648 351795.719 1.1812
218 299169.5 353361.482 1.1811
219 300552.754 354968.461 1.1811
220 301937.293 361294.044 1.1966
221 303319.184 362910.846 1.1965
222 304700.985 364527.558 1.1963
223 306033.35 366094.833 1.1963
224 307417.976 367714.37 1.1961
225 308801.296 369321.415 1.196
226 310183.133 370938.163 1.1959
227 311567.557 372557.497 1.1958
228 312899.91 374124.761 1.1957
229 314283.23 375742.992 1.1956
230 315666.345 377361.017 1.1954
231 317048.171 378966.567 1.1953
232 318431.331 380584.639 1.1952
233 319763.62 382151.839 1.1951
234 321145.438 383768.568 1.195
235 322530.088 385388.128 1.1949
236 323911.985 387004.936 1.1948
237 325245.549 388562.225 1.1947
238 326628.734 390180.32 1.1946
239 328011.952 391798.449 1.1945
240 329395.092 393416.5 1.1944
241 330777.007 395033.325 1.1943
242 332109.301 396600.53 1.1942
243 333492.587 398207.54 1.1941
244 334875.87 399825.735 1.194
245 336258.977 401443.752 1.1939
246 337640.834 403060.52 1.1938
247 338973.089 404627.686 1.1937
248 340357.562 406247.07 1.1936
249 341740.712 407853.944 1.1935
250 343122.439 410101.667 1.1952
251 344505.461 411719.599 1.1951
252 345837.797 413286.847 1.195
253 347220.973 414904.933 1.1949
254 348604.085 416511.769 1.1948
255 349987.34 418129.936 1.1947
256 351370.572 419748.078 1.1946
257 352701.589 421314.006 1.1945
258 354085.932 422933.26 1.1944
259 355467.77 424550.008 1.1943
260 356852.179 426158.141 1.1942
261 358233.997 427774.87 1.1941
262 359566.33 429342.115 1.1941
263 360949.528 430960.223 1.194
264 362332.663 432578.269 1.1939
265 363715.931 434196.448 1.1938
266 365099.123 435803.364 1.1937
267 366430.107 437369.259 1.1936
268 367813.31 438987.373 1.1935
269 369197.75 440606.724 1.1934
270 370580.906 442224.79 1.1933
271 371962.801 443841.596 1.1932
272 373295.13 445397.65 1.1932
273 374678.304 447015.735 1.1931
274 376061.63 448633.971 1.193
275 377444.77 450252.022 1.1929
276 378826.575 451868.737 1.1928
277 380160.179 453437.252 1.1928
278 381543.41 455044.208 1.1926
279 382926.707 456662.416 1.1926
280 384309.856 458911.751 1.1941
281 385640.698 460477.504 1.1941
282 387023.879 462095.595 1.194
283 388406.969 463713.596 1.1939
284 389790.122 465320.473 1.1938
285 391173.226 466938.488 1.1937
286 392504.165 468504.338 1.1936
287 393887.367 470122.45 1.1935
288 395271.974 471741.968 1.1935
289 396655.198 473360.103 1.1934
290 398038.318 474966.947 1.1933
291 399369.218 476532.758 1.1932
292 400752.396 478150.847 1.1931
293 402134.269 479767.631 1.1931
294 403517.347 481385.62 1.193
295 404901.955 483005.138 1.1929
296 406234.313 484561.221 1.1928
297 407617.391 486179.21 1.1927
298 409000.598 487797.327 1.1927
299 410383.817 489415.458 1.1926
300 411765.586 491032.137 1.1925
301 413096.551 492598.012 1.1925
302 414481.114 494206.3 1.1923
303 415864.388 495824.485 1.1923
304 417247.628 497442.636 1.1922
305 418630.746 499060.665 1.1921
306 419962.998 500627.827 1.1921
307 421346.201 502245.941 1.192
308 422729.381 503852.845 1.1919
309 424111.162 505469.538 1.1918
310 425494.288 507917.981 1.1937
311 426825.208 509483.812 1.1937
312 428209.853 511103.367 1.1936
313 429591.798 512720.224 1.1935
314 430975.031 514327.181 1.1934
315 432359.516 515946.577 1.1933
316 433691.692 517513.664 1.1933
317 435074.904 519131.786 1.1932
318 436456.701 520748.494 1.1931
319 437839.906 522366.61 1.1931
320 439224.542 523974.971 1.193
321 440555.563 525540.902 1.1929
322 441938.599 527158.849 1.1928
323 443320.303 528775.463 1.1928
324 444704.954 530395.026 1.1927
325 446035.824 531960.807 1.1926
326 447419.147 533567.854 1.1925
327 448803.616 535187.233 1.1925
328 450185.508 536804.037 1.1924
329 451569.999 538423.438 1.1923
330 452902.258 539990.608 1.1923
331 454284.156 541596.23 1.1922
332 455665.889 543212.874 1.1921
333 457048.973 544830.869 1.1921
334 458433.476 546450.283 1.192
335 459764.455 548016.173 1.1919
336 461149.055 549635.683 1.1919
337 462532.25 551242.603 1.1918
338 463915.314 552860.578 1.1917
339 465298.483 554478.657 1.1917
340 466629.516 556044.601 1.1916
341 468012.666 564692.289 1.2066
342 469395.898 566310.432 1.2065
343 470777.737 567915.995 1.2063
344 472160.978 569534.147 1.2062
345 473494.769 571102.849 1.2061
346 474878.01 572721.001 1.206
347 476261.161 574339.062 1.2059
348 477644.282 575957.094 1.2058
349 479027.408 577563.945 1.2057
350 480359.65 579131.098 1.2056
351 481740.125 580746.484 1.2055
352 483124.717 582365.986 1.2054
353 484507.816 583983.996 1.2053
354 485891.004 585602.094 1.2052
355 487223.192 587158.007 1.2051
356 488604.933 588774.659 1.205
357 489989.638 590394.274 1.2049
358 491372.843 592012.39 1.2048
359 492754.577 593629.035 1.2047
360 494088.242 595197.611 1.2046
361 495470.247 596803.34 1.2045
362 496852.13 598420.134 1.2044
363 498236.646 600039.56 1.2043
364 499619.879 601657.704 1.2042
365 500952.258 603224.994 1.2042
366 502335.517 604843.165 1.2041
367 503718.743 606450.115 1.2039
368 505100.535 608066.817 1.2039
369 506434.22 609635.413 1.2038
370 507817.299 611253.403 1.2037
371 509197.933 613500.371 1.2048
372 510582.571 615119.92 1.2047
373 511965.696 616726.77 1.2046
374 513297.947 618293.932 1.2046
375 514681.113 619912.008 1.2045
376 516064.323 621530.129 1.2044
377 517447.577 623148.294 1.2043
378 518829.388 624765.016 1.2042
379 520162.958 626322.31 1.2041
380 521546.151 627940.414 1.204
381 522927.99 629557.164 1.2039
382 524311.238 631175.323 1.2038
383 525693.117 632792.113 1.2037
384 527025.407 634359.313 1.2037
385 528409.908 635967.539 1.2035
386 529793.044 637585.586 1.2035
387 531176.34 639203.793 1.2034
388 532559.53 640821.893 1.2033
389 533891.951 642389.225 1.2032
390 535275.018 644007.202 1.2031
391 536656.863 645612.772 1.203
392 538040.024 647230.843 1.2029
393 539423.23 648848.961 1.2029
394 540754.12 650414.761 1.2028
395 542138.539 652034.092 1.2027
396 543520.331 653650.794 1.2026
397 544904.779 655258.966 1.2025
398 546288.014 656877.112 1.2024
399 547620.248 658444.257 1.2024
400 549003.361 660062.28 1.2023
401 550385.157 662310.409 1.2034
402 551768.258 663928.421 1.2033
403 553150.145 665534.032 1.2032
404 554483.897 667102.694 1.2031
405 555867.053 668720.762 1.203
406 557250.188 670338.807 1.2029
407 558633.301 671956.831 1.2029
408 560016.461 673574.901 1.2028
409 561348.707 675130.872 1.2027
410 562731.975 676749.052 1.2026
411 564113.862 678365.849 1.2025
412 565497.073 679983.971 1.2025
413 566829.446 681551.254 1.2024
414 568211.29 683156.823 1.2023
415 569595.643 684776.086 1.2022
416 570978.849 686394.203 1.2021
417 572360.665 688010.93 1.2021
418 573694.309 689579.485 1.202
419 575077.344 691197.431 1.2019
420 576460.515 692804.326 1.2018
421 577842.328 694421.05 1.2017
422 579225.527 696039.159 1.2017
423 580557.837 697606.38 1.2016
424 581939.646 699223.101 1.2015
425 583324.109 700842.474 1.2015
426 584707.452 702449.541 1.2014
427 586090.63 704067.63 1.2013
428 587422.933 705634.845 1.2012
429 588804.808 707251.63 1.2012
430 590189.362 708871.094 1.2011
431 591571.156 711315.369 1.2024
432 592954.4 712922.338 1.2023
433 594286.67 714489.518 1.2023
434 595669.824 716107.582 1.2022
435 597053.058 717725.727 1.2021
436 598436.296 719343.877 1.202
437 599819.446 720961.937 1.202
438 601150.366 722516.582 1.2019
439 602534.906 724136.032 1.2018
440 603916.845 725752.882 1.2017
441 605298.745 727369.693 1.2017
442 606683.263 728989.122 1.2016
443 608015.689 730556.458 1.2015
444 609398.829 732163.324 1.2015
445 610781.91 733781.315 1.2014
446 612165.065 735399.381 1.2013
447 613548.221 737017.447 1.2012
448 614879.255 738583.392 1.2012
449 616263.702 740202.75 1.2011
450 617646.825 741809.597 1.201
451 619028.62 743426.303 1.201
452 620411.799 745044.393 1.2009
453 621744.064 746611.569 1.2008
454 623127.203 748229.618 1.2008
455 624509.022 749846.349 1.2007
456 625893.473 751454.524 1.2006
457 627225.764 753021.725 1.2006
458 628608.93 754639.802 1.2005
459 629992.191 756257.974 1.2004
460 631373.9 757874.594 1.2004
461 632757.085 766617.386 1.2116
462 634089.492 768173.518 1.2115
463 635472.546 769791.482 1.2114
464 636855.753 771409.599 1.2113
465 638238.998 773027.755 1.2112
466 639622.178 774645.846 1.2111
467 640953.214 776211.793 1.211
468 642337.754 777820.058 1.2109
469 643720.952 779438.166 1.2108
470 645104.139 781056.264 1.2107
471 646485.995 782673.03 1.2107
472 647818.35 784240.297 1.2106
473 649200.192 785857.049 1.2105
474 650583.457 787464.039 1.2104
475 651967.94 789083.433 1.2103
476 653351.157 790701.56 1.2102
477 654683.579 792268.893 1.2102
478 656066.685 793886.91 1.2101
479 657448.375 795503.51 1.21
480 658832.813 797111.673 1.2099
481 660214.635 798728.406 1.2098
482 661545.537 800294.219 1.2097
483 662929.97 801913.562 1.2097
484 664313.164 803531.667 1.2096
485 665696.363 805149.777 1.2095
486 667079.64 806756.778 1.2094
487 668411.819 808323.868 1.2093
488 669794.998 809941.958 1.2092
489 671178.114 811559.985 1.2092
490 672561.404 813178.186 1.2091
491 673943.188 815415.378 1.2099
492 675275.549 816982.65 1.2099
493 676657.329 818599.341 1.2098
494 678041.967 820218.89 1.2097
495 679425.1 821836.934 1.2096
496 680808.152 823454.897 1.2095
497 682140.429 825010.898 1.2094
498 683523.583 826628.963 1.2094
499 684906.825 828247.116 1.2093
500 686288.624 829863.825 1.2092
501 687620.876 831430.988 1.2091
502 689004.099 833049.121 1.2091
503 690387.215 834655.962 1.209
504 691770.269 836273.927 1.2089
505 693153.434 837892.003 1.2088
506 694485.769 839459.248 1.2087
507 695867.505 841075.895 1.2087
508 697251.98 842695.281 1.2086
509 698635.17 844302.196 1.2085
510 700018.394 845920.331 1.2084
511 701349.297 847486.144 1.2084
512 702732.437 849104.195 1.2083
513 704115.662 850722.331 1.2082
514 705498.807 852340.387 1.2081
515 706880.553 853945.857 1.208
516 708214.256 855514.47 1.208
517 709597.429 857132.554 1.2079
518 710980.635 858750.671 1.2078
519 712363.832 860368.78 1.2078
520 713747.004 861986.862 1.2077
521 715076.653 863540.236 1.2076
522 716461.255 865791.102 1.2084
523 717844.377 867409.135 1.2084
524 719227.571 869027.24 1.2083
525 720610.743 870645.323 1.2082
526 721941.655 872211.146 1.2081
527 723326.164 873819.38 1.2081
528 724709.4 875437.526 1.208
529 726091.299 877054.336 1.2079
530 727475.745 878673.693 1.2078
531 728806.824 880239.683 1.2078
532 730190.014 881857.783 1.2077
533 731573.284 883464.778 1.2076
534 732956.485 885082.889 1.2076
535 734339.511 886700.826 1.2075
536 735670.398 888266.624 1.2074
537 737054.941 889886.078 1.2074
538 738438.208 891504.255 1.2073
539 739821.447 893111.218 1.2072
540 741203.308 894727.991 1.2071
541 742535.589 896295.182 1.2071
542 743918.726 897913.23 1.207
543 745301.907 899531.321 1.2069
544 746685.119 901149.445 1.2069
545 748017.49 902705.54 1.2068
546 749400.653 904323.614 1.2067
547 750782.488 905940.36 1.2067
548 752167.043 907559.826 1.2066
549 753550.193 909177.886 1.2065
550 754882.439 910745.043 1.2065
551 756264.131 912350.459 1.2064
552 757647.316 915007.294 1.2077
553 759030.509 916625.398 1.2076
554 760413.764 918243.563 1.2076
555 761745.986 919810.697 1.2075
556 763129.275 921428.896 1.2074
557 764511.098 923034.444 1.2074
558 765895.594 924653.85 1.2073
559 767278.845 926272.012 1.2072
560 768611.09 927839.168 1.2072
561 769992.935 929455.923 1.2071
562 771376.121 931074.021 1.207
563 772759.229 932680.853 1.2069
564 774142.363 934298.898 1.2069
565 775474.594 935866.04 1.2068
566 776857.858 937484.214 1.2068
567 778240.994 939102.261 1.2067
568 779624.123 940720.301 1.2066
569 781005.884 942325.786 1.2066
570 782339.652 943894.465 1.2065
571 783721.475 945511.199 1.2064
572 785104.624 947129.259 1.2064
573 786487.697 948747.242 1.2063
574 787870.895 950354.165 1.2062
575 789201.853 951920.034 1.2062
576 790586.385 953539.477 1.2061
577 791969.605 955157.608 1.2061
578 793352.767 956775.68 1.206
579 794735.892 958393.716 1.2059
580 796068.288 959949.836 1.2059
581 797449.936 961566.395 1.2058
582 798833.145 969681.158 1.2139
583 800216.288 971299.211 1.2138
584 801599.336 972917.17 1.2137
585 802931.64 974484.384 1.2137
586 804314.73 976091.2 1.2136
587 805697.99 977709.37 1.2135
588 807081.155 979327.446 1.2134
589 808464.266 980945.467 1.2133
590 809796.521 982512.634 1.2133
591 811178.468 984129.491 1.2132
592 812561.756 985736.503 1.2131
593 813944.949 987354.607 1.213
594 815277.206 988921.775 1.213
595 816660.359 990539.838 1.2129
596 818043.431 992157.821 1.2128
597 819426.642 993775.943 1.2128
598 820809.798 995382.824 1.2127
599 822142.045 996949.982 1.2126
600 823525.15 998567.998 1.2126
601 824906.94 1000184.698 1.2125
602 826290.121 1001802.79 1.2124
603 827672.082 1003419.662 1.2123
604 829005.757 1004977.062 1.2123
605 830388.912 1006595.127 1.2122
606 831772.011 1008213.137 1.2121
607 833155.039 1009831.076 1.2121
608 834538.25 1011449.198 1.212
609 835870.639 1013016.497 1.2119
610 837253.812 1014623.394 1.2118
611 838635.625 1016240.118 1.2118
612 840018.894 1018489.351 1.2125
613 841400.713 1020106.08 1.2124
614 842734.355 1021674.634 1.2123
615 844117.616 1023292.805 1.2123
616 845500.814 1024899.728 1.2122
617 846882.644 1026516.469 1.2121
618 848267.191 1028135.926 1.212
619 849598.104 1029701.75 1.212
620 850981.249 1031319.806 1.2119
621 852364.526 1032937.993 1.2119
622 853747.64 1034544.832 1.2118
623 855130.762 1036162.865 1.2117
624 856463.049 1037730.063 1.2116
625 857846.16 1039348.084 1.2116
626 859228.03 1040964.865 1.2115
627 860611.193 1042582.939 1.2114
628 861995.775 1044191.245 1.2114
629 863328.047 1045758.428 1.2113
630 864711.189 1047376.481 1.2112
631 866093.072 1048993.275 1.2112
632 867474.929 1050610.043 1.2111
633 868859.444 1052229.468 1.211
634 870191.792 1053785.54 1.211
635 871574.92 1055403.579 1.2109
636 872958.164 1057021.734 1.2109
637 874341.451 1058639.932 1.2108
638 875673.822 1060207.213 1.2107
639 877055.66 1061823.962 1.2107
640 878440.187 1063432.214 1.2106
641 879822.066 1065049.004 1.2105
642 881205.231 1067298.659 1.2112
643 882537.58 1068865.919 1.2111
644 883919.206 1070482.456 1.2111
645 885303.837 1072101.997 1.211
646 886685.826 1073707.711 1.2109
647 888070.379 1075327.175 1.2109
648 889402.537 1076894.243 1.2108
649 890785.899 1078512.516 1.2107
650 892168.995 1080130.523 1.2107
651 893549.669 1081734.922 1.2106
652 894934.094 1083354.258 1.2105
653 896266.372 1084921.446 1.2105
654 897649.482 1086539.466 1.2104
655 899032.676 1088157.572 1.2104
656 900415.808 1089775.615 1.2103
657 901799.073 1091382.604 1.2102
658 903131.174 1092949.616 1.2102
659 904514.317 1094567.669 1.2101
660 905896.221 1096184.484 1.2101
661 907279.403 1097802.577 1.21
662 908662.561 1099420.645 1.2099
663 909994.788 1100976.597 1.2099
664 911376.418 1102593.138 1.2098
665 912760.954 1104212.585 1.2098
666 914144.114 1105830.656 1.2097
667 915526.01 1107447.462 1.2096
668 916859.657 1109016.02 1.2096
669 918242.834 1110622.922 1.2095
670 919624.756 1112239.754 1.2094
671 921006.596 1113856.505 1.2094
672 922391.049 1116564.27 1.2105
673 923722.021 1118130.154 1.2105
674 925106.476 1119749.519 1.2104
675 926489.774 1121356.541 1.2103
676 927872.878 1122974.557 1.2103
677 929256.016 1124592.605 1.2102
678 930588.334 1126159.834 1.2102
679 931970.098 1127776.509 1.2101
680 933354.841 1129396.162 1.21
681 934736.58 1131001.626 1.21
682 936068.871 1132568.827 1.2099
683 937452.196 1134187.064 1.2099
684 938835.513 1135805.291 1.2098
685 940218.677 1137423.367 1.2097
686 941600.552 1139040.152 1.2097
687 942934.214 1140597.538 1.2096
688 944317.345 1142215.58 1.2096
689 945700.509 1143833.654 1.2095
690 947083.837 1145451.894 1.2095
691 948465.685 1147068.653 1.2094
692 949797.839 1148635.717 1.2093
693 951181.077 1150242.679 1.2093
694 952562.884 1151859.398 1.2092
695 953947.436 1153478.86 1.2092
696 955330.669 1155097.004 1.2091
697 956662.985 1156664.23 1.2091
698 958046.279 1158282.436 1.209
699 959428.158 1159888.039 1.2089
700 960812.605 1161507.397 1.2089
701 962194.478 1163124.181 1.2088
702 963526.676 1164691.289 1.2088
703 964909.775 1172514.175 1.2152
704 966292.965 1174132.276 1.2151
705 967674.886 1175737.921 1.215
706 969059.371 1177357.317 1.2149
707 970391.683 1178924.539 1.2149
708 971774.825 1180542.592 1.2148
709 973158.041 1182160.719 1.2148
710 974539.868 1183777.457 1.2147
711 975923.048 1185384.362 1.2146
712 977255.372 1186951.596 1.2146
713 978637.19 1188568.325 1.2145
714 980021.701 1190187.747 1.2145
715 981404.867 1191805.824 1.2144
716 982786.754 1193422.621 1.2143
717 984120.291 1194979.883 1.2143
718 985503.571 1196598.073 1.2142
719 986886.807 1198216.221 1.2141
720 988269.949 1199834.273 1.2141
721 989651.903 1201451.137 1.214
722 990984.247 1203018.393 1.214
723 992367.51 1204625.38 1.2139
724 993749.328 1206242.109 1.2138
725 995133.968 1207861.66 1.2138
726 996464.874 1209427.477 1.2137
727 997849.451 1211046.964 1.2137
728 999232.768 1212665.192 1.2136
729 1000614.486 1214270.634 1.2135
730 1001999.023 1215890.083 1.2135
731 1003329.939 1217455.909 1.2134
732 1004713.104 1219073.985 1.2134
733 1006096.245 1221323.226 1.2139
734 1007479.479 1222930.185 1.2139
735 1008862.638 1224548.254 1.2138
736 1010194.982 1226115.509 1.2137
737 1011578.246 1227733.684 1.2137
738 1012960.157 1229350.505 1.2136
739 1014344.611 1230969.871 1.2136
740 1015727.942 1232576.926 1.2135
741 1017058.839 1234142.733 1.2134
742 1018441.951 1235760.756 1.2134
743 1019825.115 1237378.831 1.2133
744 1021206.904 1238995.531 1.2133
745 1022591.438 1240614.976 1.2132
746 1023923.807 1242171.069 1.2131
747 1025306.924 1243789.097 1.2131
748 1026690.083 1245407.167 1.213
749 1028073.296 1247025.291 1.213
750 1029455.01 1248641.916 1.2129
751 1030787.342 1250209.158 1.2129
752 1032170.523 1251816.064 1.2128
753 1033553.757 1253434.208 1.2127
754 1034935.632 1255050.994 1.2127
755 1036320.206 1256670.479 1.2126
756 1037652.606 1258237.789 1.2126
757 1039035.663 1259855.758 1.2125
758 1040418.744 1261462.563 1.2125
759 1041801.879 1263080.609 1.2124
760 1043183.782 1264697.422 1.2123
761 1044516.151 1266264.702 1.2123
762 1045899.204 1267882.666 1.2122
763 1047282.419 1270131.642 1.2128
764 1048665.449 1271738.396 1.2127
765 1050048.637 1273356.495 1.2127
766 1051380.885 1274923.654 1.2126
767 1052764.116 1276541.795 1.2126
768 1054145.962 1278158.552 1.2125
769 1055530.456 1279777.957 1.2125
770 1056862.747 1281333.972 1.2124
771 1058244.624 1282950.76 1.2123
772 1059627.874 1284568.921 1.2123
773 1061011.067 1286187.024 1.2122
774 1062394.229 1287805.097 1.2122
775 1063726.504 1289372.283 1.2121
776 1065109.711 1290979.215 1.2121
777 1066492.87 1292597.284 1.212
778 1067876.1 1294215.425 1.212
779 1069259.337 1295833.573 1.2119
780 1070591.458 1297400.605 1.2119
781 1071973.341 1299017.399 1.2118
782 1073356.491 1300624.273 1.2117
783 1074739.686 1302242.378 1.2117
784 1076121.557 1303859.161 1.2116
785 1077455.156 1305427.67 1.2116
786 1078838.449 1307045.875 1.2115
787 1080221.686 1308664.022 1.2115
788 1081604.946 1310271.007 1.2114
789 1082988.119 1311889.09 1.2114
790 1084320.508 1313456.39 1.2113
791 1085701.088 1315071.88 1.2113
792 1087085.527 1316691.23 1.2112
793 1088467.336 1319420.618 1.2122
794 1089850.501 1321027.508 1.2121
795 1091184.042 1322595.96 1.2121
796 1092567.105 1324213.933 1.212
797 1093950.256 1325831.995 1.212
798 1095333.452 1327450.102 1.2119
799 1096715.336 1329066.897 1.2119
800 1098047.612 1330622.898 1.2118
801 1099430.842 1332241.038 1.2118
802 1100814.024 1333859.13 1.2117
803 1102197.237 1335477.255 1.2116
804 1103580.419 1337095.348 1.2116
805 1104912.765 1338662.604 1.2116
806 1106296.036 1340269.599 1.2115
807 1107679.237 1341887.711 1.2114
808 1109062.41 1343505.795 1.2114
809 1110445.49 1345123.786 1.2113
810 1111776.368 1346689.574 1.2113
811 1113159.625 1348296.556 1.2112
812 1114542.732 1349914.574 1.2112
813 1115924.573 1351531.326 1.2111
814 1117258.227 1353099.89 1.2111
815 1118639.963 1354716.537 1.211
816 1120024.445 1356335.93 1.211
817 1121407.656 1357942.866 1.2109
818 1122790.889 1359561.009 1.2109
819 1124121.902 1361126.933 1.2108
820 1125506.465 1362746.407 1.2108
821 1126888.221 1364363.074 1.2107
822 1128271.467 1365981.231 1.2107
823 1129653.32 1373751.933 1.2161
824 1130986.816 1377401.449 1.2179
825 1132369.96 1379019.504 1.2178
826 1133753.061 1380637.516 1.2178
827 1135136.284 1382255.65 1.2177
828 1136519.544 1383873.82 1.2176
829 1137850.517 1385428.518 1.2176
830 1139233.735 1387046.647 1.2175
831 1140616.924 1388664.747 1.2175
832 1142000.163 1390282.897 1.2174
833 1143383.399 1391901.043 1.2174
834 1144715.654 1393468.209 1.2173
835 1146098.81 1395075.09 1.2172
836 1147480.69 1396691.881 1.2172
837 1148865.147 1398311.248 1.2171
838 1150246.814 1399927.826 1.2171
839 1151579.013 1401494.936 1.217
840 1152962.299 1403113.132 1.217
841 1154345.484 1404720.042 1.2169
842 1155727.258 1406336.726 1.2168
843 1157111.914 1407956.293 1.2168
844 1158444.243 1409523.533 1.2167
845 1159827.485 1411141.686 1.2167
846 1161210.686 1412759.798 1.2166
847 1162593.875 1414366.711 1.2166
848 1163975.688 1415983.436 1.2165
849 1165309.367 1417552.025 1.2165
850 1166692.525 1419170.094 1.2164
851 1168074.385 1420786.864 1.2163
852 1169457.652 1422405.042 1.2163
853 1170839.485 1424642.037 1.2168
854 1172171.795 1426209.258 1.2167
855 1173554.965 1427827.339 1.2167
856 1174939.427 1429446.712 1.2166
857 1176322.587 1431064.782 1.2166
858 1177654.754 1432631.86 1.2165
859 1179038.034 1434238.865 1.2164
860 1180421.191 1435856.932 1.2164
861 1181803.091 1437473.743 1.2163
862 1183186.283 1439091.845 1.2163
863 1184518.714 1440659.188 1.2162
864 1185901.91 1442277.294 1.2162
865 1187283.79 1443882.899 1.2161
866 1188668.433 1445502.452 1.2161
867 1190050.38 1447119.31 1.216
868 1191384.121 1448687.962 1.216
869 1192767.386 1450306.138 1.2159
870 1194150.583 1451924.245 1.2159
871 1195532.46 1453529.847 1.2158
872 1196915.628 1455147.926 1.2157
873 1198247.818 1456715.026 1.2157
874 1199631.005 1458333.124 1.2157
875 1201014.069 1459951.099 1.2156
876 1202395.818 1461567.759 1.2155
877 1203780.409 1463176.075 1.2155
878 1205112.614 1464743.191 1.2154
879 1206494.471 1466359.958 1.2154
880 1207879.077 1467979.475 1.2153
881 1209259.704 1469595.013 1.2153
882 1210642.843 1471213.063 1.2152
883 1211975.175 1472769.119 1.2152
884 1213359.663 1475019.749 1.2156
885 1214742.862 1476637.859 1.2156
886 1216125.987 1478255.895 1.2155
887 1217509.223 1479874.041 1.2155
888 1218840.18 1481439.909 1.2155
889 1220223.382 1483046.836 1.2154
890 1221608.062 1484666.427 1.2153
891 1222989.875 1486283.15 1.2153
892 1224373.086 1487901.272 1.2152
893 1225705.336 1489468.433 1.2152
894 1227088.543 1491075.364 1.2151
895 1228471.734 1492693.466 1.2151
896 1229855.035 1494311.678 1.215
897 1231187.391 1495878.945 1.215
898 1232570.539 1497497.003 1.2149
899 1233953.715 1499115.09 1.2149
900 1235336.953 1500722.053 1.2148
901 1236718.791 1502338.802 1.2148
902 1238051.187 1503906.108 1.2147
903 1239433.089 1505522.921 1.2147
904 1240816.304 1507141.047 1.2146
905 1242199.573 1508759.226 1.2146
906 1243584.19 1510367.568 1.2145
907 1244916.613 1511934.902 1.2145
908 1246299.765 1513552.965 1.2144
909 1247682.987 1515171.098 1.2144
910 1249064.976 1516787.998 1.2143
911 1250446.84 1518404.772 1.2143
912 1251780.359 1519962.016 1.2142
913 1253163.449 1521580.017 1.2142
914 1254546.579 1524345.015 1.2151
915 1255929.763 1525963.11 1.215
916 1257313.024 1527581.282 1.215
917 1258645.295 1529148.463 1.2149
918 1260028.404 1530755.297 1.2149
919 1261411.628 1532373.431 1.2148
920 1262794.853 1533991.567 1.2148
921 1264176.638 1535608.262 1.2147
922 1265508.879 1537175.415 1.2147
923 1266892.095 1538793.541 1.2146
924 1268275.29 1540400.461 1.2146
925 1269657.205 1542017.286 1.2145
926 1271041.754 1543636.746 1.2145
927 1272374.136 1545204.039 1.2144
928 1273757.338 1546822.152 1.2144
929 1275140.476 1548440.2 1.2143
930 1276523.677 1550047.127 1.2143
931 1277905.549 1551663.909 1.2142
932 1279237.875 1553231.145 1.2142
933 1280619.715 1554847.897 1.2141
934 1282004.288 1556467.38 1.2141
935 1283387.492 1558085.495 1.214
936 1284719.788 1559641.515 1.214
937 1286102.932 1561259.57 1.2139
938 1287486.111 1562877.66 1.2139
939 1288869.354 1564495.814 1.2139
940 1290252.474 1566113.845 1.2138
941 1291582.143 1567678.424 1.2138
942 1292966.639 1569286.645 1.2137
943 1294349.806 1570904.723 1.2137
944 1295731.588 1581628.198 1.2206
945 1297116.112 1583482.377 1.2208
946 1298448.385 1585049.561 1.2207
947 1299831.553 1586667.639 1.2207
948 1301214.794 1588274.605 1.2206
949 1302597.949 1589892.671 1.2206
950 1303981.149 1591510.782 1.2205
951 1305310.641 1593075.184 1.2205
952 1306695.115 1594694.569 1.2204
953 1308078.384 1596312.748 1.2203
954 1309461.448 1597919.537 1.2203
955 1310844.48 1599537.48 1.2202
956 1312175.555 1601103.465 1.2202
957 1313560.076 1602722.897 1.2201
958 1314943.396 1604341.129 1.2201
959 1316325.375 1605958.018 1.22
960 1317709.847 1607566.215 1.22
961 1319040.865 1609132.143 1.2199
962 1320423.994 1610750.183 1.2199
963 1321807.138 1612368.237 1.2198
964 1323190.234 1613986.244 1.2198
965 1324573.523 1615604.444 1.2197
966 1325905.818 1617160.463 1.2197
967 1327288.938 1618778.495 1.2196
968 1328672.058 1620396.525 1.2196
969 1330055.426 1622014.804 1.2195
970 1331437.284 1623631.573 1.2195
971 1332769.516 1625187.53 1.2194
972 1334152.626 1626805.55 1.2194
973 1335534.41 1628422.245 1.2193
974 1336918.793 1630672.726 1.2197
975 1338302.025 1632290.869 1.2197
976 1339634.346 1633858.101 1.2196
977 1341017.53 1635465.01 1.2196
978 1342400.706 1637083.096 1.2195
979 1343783.897 1638701.198 1.2195
980 1345167.078 1640319.29 1.2194
981 1346498.009 1641885.132 1.2194
982 1347881.237 1643503.27 1.2193
983 1349262.992 1645108.749 1.2193
984 1350647.619 1646728.287 1.2192
985 1351979.918 1648295.497 1.2192
986 1353362.995 1649913.485 1.2191
987 1354746.151 1651531.552 1.2191
988 1356129.256 1653149.568 1.219
989 1357512.493 1654756.529 1.219
990 1358844.89 1656323.837 1.2189
991 1360226.628 1657940.485 1.2189
992 1361609.744 1659558.512 1.2188
993 1362992.8 1661176.479 1.2188
994 1364375.955 1662794.545 1.2187
995 1365708.208 1664350.523 1.2187
996 1367091.401 1665968.627 1.2186
997 1368474.52 1667586.656 1.2186
998 1369857.512 1669204.559 1.2185
999 1371239.285 1670821.243 1.2185
1000 1372572.986 1672389.854 1.2184
1001 1372572.986 1672389.854 1.2184
