1 1336.263 1336.263 1.0
2 2723.932 2723.932 1.0
3 4111.561 4987.006 1.2129
4 5499.194 6374.64 1.1592
5 6886.825 8797.64 1.2775
6 8274.487 10185.302 1.2309
7 9662.133 11572.948 1.1978
8 11049.77 14008.127 1.2677
9 12437.426 15395.783 1.2379
10 13825.079 17714.893 1.2814
11 15212.739 19102.553 1.2557
12 16600.373 21502.439 1.2953
13 17988.029 22890.095 1.2725
14 19375.688 24277.754 1.253
15 20763.341 26661.226 1.2841
16 22150.988 28048.873 1.2663
17 23538.639 30393.391 1.2912
18 24926.288 31781.071 1.275
19 26365.314 34094.84 1.2932
20 27752.95 35607.118 1.283
21 29089.204 36943.372 1.27
22 30476.847 39373.267 1.2919
23 31915.859 40812.279 1.2787
24 33303.486 43122.144 1.2948
25 34691.133 44509.791 1.283
26 36078.764 45897.422 1.2721
27 37466.403 48250.232 1.2878
28 38854.046 49637.875 1.2775
29 40241.709 52144.572 1.2958
30 41629.362 53532.226 1.2859
31 43017.003 55795.416 1.2971
32 44404.649 57183.062 1.2878
33 45792.305 58570.718 1.2791
34 47179.946 60996.699 1.2929
35 48567.602 62384.354 1.2845
36 49955.251 64834.971 1.2979
37 51342.887 66222.606 1.2898
38 52730.522 68484.776 1.2988
39 54118.172 69872.427 1.2911
40 55505.831 71260.086 1.2838
41 56893.486 73676.708 1.295
42 58281.144 75064.366 1.288
43 59668.79 77521.332 1.2992
44 61056.436 78908.977 1.2924
45 62444.058 80296.6 1.2859
46 63831.7 82559.111 1.2934
47 65219.348 83946.759 1.2871
48 66607.003 86335.021 1.2962
49 67994.645 87722.663 1.2901
50 69382.295 90113.054 1.2988
51 70769.953 91500.712 1.2929
52 72157.59 92888.349 1.2873
53 73545.25 95151.191 1.2938
54 74932.9 96538.841 1.2883
55 76320.541 98925.817 1.2962
56 77708.18 100313.455 1.2909
57 79095.838 102699.704 1.2984
58 80483.5 104087.365 1.2933
59 81922.536 105526.401 1.2881
60 83258.783 107737.879 1.294
61 84697.813 109176.908 1.289
62 86085.454 111573.186 1.2961
63 87421.709 112909.441 1.2915
64 88860.747 115223.503 1.2967
65 90248.395 116745.073 1.2936
66 91636.035 118132.714 1.2892
67 93023.674 120499.24 1.2954
68 94411.323 121886.889 1.291
69 95798.964 124230.815 1.2968
70 97186.615 125618.466 1.2925
71 98574.242 127006.093 1.2884
72 99961.886 129462.28 1.2951
73 101349.54 130849.934 1.2911
74 102737.183 133247.379 1.297
75 104124.826 134635.021 1.293
76 105512.472 136979.017 1.2982
77 106900.117 138366.662 1.2944
78 108287.764 139754.308 1.2906
79 109675.411 142098.393 1.2956
80 111063.061 143486.043 1.2919
81 112450.698 145830.198 1.2968
82 113838.338 147217.838 1.2932
83 115225.999 149574.075 1.2981
84 116613.653 151018.786 1.295
85 118001.303 152406.436 1.2916
86 119388.974 154765.822 1.2963
87 120776.621 156153.469 1.2929
88 122164.263 158495.267 1.2974
89 123551.904 159882.908 1.2941
90 124939.572 161270.575 1.2908
91 126327.212 163615.506 1.2952
92 127714.868 165003.162 1.292
93 129102.512 167509.178 1.2975
94 130490.17 168896.836 1.2943
95 131877.808 171278.245 1.2988
96 133265.464 172665.901 1.2957
97 134653.126 174053.563 1.2926
98 136040.775 176316.665 1.2961
99 137428.414 177704.304 1.2931
100 138816.051 180089.551 1.2973
101 140203.699 181477.2 1.2944
102 141642.738 183914.261 1.2984
103 143030.385 185381.956 1.2961
104 144418.034 186769.605 1.2933
105 145805.684 189120.569 1.2971
106 147193.335 190508.22 1.2943
107 148580.975 192852.129 1.298
108 149968.624 194239.778 1.2952
109 151356.282 196502.811 1.2983
110 152743.935 198157.8 1.2973
111 154131.57 199545.436 1.2946
112 155519.214 201914.389 1.2983
113 156906.855 203302.03 1.2957
114 158294.497 205645.796 1.2991
115 159682.132 207033.432 1.2965
116 161069.774 208421.073 1.294
117 162457.411 210846.771 1.2979
118 163845.046 212234.406 1.2953
119 165232.702 214540.501 1.2984
120 166620.35 215928.148 1.2959
121 168007.985 218377.776 1.2998
122 169395.635 219765.426 1.2973
123 170783.279 221153.07 1.2949
124 172170.944 223619.47 1.2988
125 173558.58 225007.107 1.2964
126 174946.231 227351.536 1.2996
127 176333.878 228739.182 1.2972
128 177721.531 231083.848 1.3003
129 179109.177 232649.329 1.2989
130 180496.817 234036.969 1.2966
131 181884.445 236462.389 1.3001
132 183272.081 237850.024 1.2978
133 184659.716 240183.971 1.3007
134 186047.36 241571.615 1.2984
135 187434.988 242959.242 1.2962
136 188822.629 245398.864 1.2996
137 190210.266 246786.502 1.2974
138 191597.925 249354.788 1.3014
139 192985.579 250742.441 1.2993
140 194373.232 253005.598 1.3016
141 195760.879 254393.245 1.2995
142 197148.54 255780.905 1.2974
143 198587.583 258182.64 1.3001
144 199975.219 259570.276 1.298
145 201362.854 261995.738 1.3011
146 202750.491 263383.374 1.2991
147 204138.163 265727.901 1.3017
148 205525.805 267115.544 1.2997
149 206913.442 268503.18 1.2977
150 208301.104 270899.884 1.3005
151 209688.756 272287.536 1.2985
152 211076.404 274734.997 1.3016
153 212464.058 276122.651 1.2996
154 213851.696 278385.46 1.3018
155 215239.335 279773.099 1.2998
156 216626.975 281160.739 1.2979
157 218014.629 283586.267 1.3008
158 219402.256 284973.894 1.2989
159 220789.899 287641.122 1.3028
160 222177.521 289028.743 1.3009
161 223565.155 290416.378 1.299
162 224952.805 292678.718 1.3011
163 226340.47 294066.382 1.2992
164 227728.12 296457.196 1.3018
165 229115.768 297844.844 1.3
166 230503.426 300270.389 1.3027
167 231891.087 301658.05 1.3009
168 233278.732 303045.696 1.2991
169 234666.361 305476.266 1.3017
170 236053.995 306863.901 1.3
171 237441.649 309207.897 1.3022
172 238829.283 310595.531 1.3005
173 240216.91 312910.192 1.3026
174 241604.546 314501.119 1.3017
175 242992.185 315888.758 1.3
176 244379.806 318203.562 1.3021
177 245767.449 319591.205 1.3004
178 247155.072 321987.95 1.3028
179 248542.742 323375.62 1.3011
180 249930.377 324763.256 1.2994
181 251318.03 327105.339 1.3016
182 252705.673 328492.982 1.2999
183 254144.702 330998.22 1.3024
184 255480.95 332334.468 1.3008
185 256919.986 334828.23 1.3032
186 258307.633 336215.878 1.3016
187 259695.269 337603.513 1.3
188 261082.917 339947.763 1.3021
189 262470.549 341335.395 1.3005
190 263858.194 343876.495 1.3033
191 265245.85 345264.151 1.3017
192 266633.497 347565.409 1.3035
193 268021.144 348953.056 1.302
194 269408.802 350340.714 1.3004
195 270796.438 352779.102 1.3027
196 272184.076 354166.74 1.3012
197 273571.726 356550.501 1.3033
198 274959.358 357938.133 1.3018
199 276347.004 360200.847 1.3034
200 277734.646 361641.051 1.3021
201 279122.304 363028.708 1.3006
202 280509.94 365429.692 1.3027
203 281897.579 366817.331 1.3012
204 283285.218 369217.341 1.3033
205 284672.864 370604.986 1.3019
206 286060.508 371992.63 1.3004
207 287448.156 374416.712 1.3026
208 288835.797 375804.353 1.3011
209 290223.436 378148.24 1.303
210 291611.075 379535.879 1.3015
211 292998.726 381961.547 1.3036
212 294386.364 383349.186 1.3022
213 295774.003 384736.824 1.3008
214 297161.651 387249.359 1.3032
215 298549.295 388637.003 1.3018
216 299936.95 390981.393 1.3035
217 301324.591 392369.034 1.3021
218 302712.226 394718.33 1.3039
219 304099.878 396105.982 1.3026
220 305487.526 397493.63 1.3012
221 306875.171 399764.232 1.3027
222 308262.839 401151.9 1.3013
223 309650.492 403496.609 1.3031
224 311038.136 404884.253 1.3017
225 312425.782 406271.899 1.3004
226 313864.844 408750.358 1.3023
227 315201.098 410086.612 1.301
228 316640.141 412443.256 1.3026
229 318027.786 413830.902 1.3012
230 319364.046 416177.637 1.3031
231 320803.095 417667.26 1.3019
232 322190.729 419054.894 1.3006
233 323578.374 421439.814 1.3024
234 324966.023 422827.462 1.3011
235 326353.666 425154.439 1.3027
236 327741.314 426542.087 1.3015
237 329128.965 428950.767 1.3033
238 330516.611 430407.175 1.3022
239 331904.269 431794.833 1.301
240 333291.921 434221.077 1.3028
241 334679.555 435608.711 1.3016
242 336067.202 437947.314 1.3032
243 337454.844 439334.955 1.3019
244 338842.474 441635.562 1.3034
245 340230.108 443104.675 1.3024
246 341617.753 444492.32 1.3011
247 343005.413 446877.336 1.3028
248 344393.057 448264.98 1.3016
249 345780.7 450571.039 1.3031
250 347168.342 451958.68 1.3018
251 348556.001 453346.34 1.3006
252 349943.635 455811.269 1.3025
253 351331.289 457198.922 1.3013
254 352718.94 459542.869 1.3029
255 354106.578 460930.507 1.3017
256 355494.223 463274.548 1.3032
257 356881.875 464662.2 1.302
258 358269.522 466049.847 1.3008
259 359657.162 468532.966 1.3027
260 361044.815 469920.619 1.3016
261 362432.473 472215.351 1.3029
262 363820.128 473603.007 1.3018
263 365207.788 475930.585 1.3032
264 366595.446 477318.242 1.302
265 367983.076 478705.872 1.3009
266 369370.74 481105.052 1.3025
267 370758.385 482492.697 1.3014
268 372197.401 484885.654 1.3028
269 373585.052 486273.306 1.3016
270 374972.698 487660.952 1.3005
271 376360.327 490084.135 1.3022
272 377747.976 491471.784 1.3011
273 379135.612 494022.988 1.303
274 380523.248 495410.625 1.3019
275 381910.888 497753.905 1.3033
276 383298.523 499141.541 1.3022
277 384686.18 500529.198 1.3011
278 386073.834 502912.136 1.3026
279 387461.487 504299.789 1.3015
280 388849.115 506644.458 1.3029
281 390236.75 508032.093 1.3019
282 391624.409 510428.35 1.3034
283 393012.07 511816.011 1.3023
284 394399.71 513203.651 1.3012
285 395787.353 515733.147 1.3031
286 397174.995 517120.79 1.302
287 398562.641 519383.696 1.3031
288 399950.281 520771.336 1.3021
289 401337.925 523033.879 1.3032
290 402725.561 524574.936 1.3026
291 404113.2 525962.575 1.3015
292 405500.834 528624.236 1.3036
293 406888.473 530011.876 1.3026
294 408276.117 532274.325 1.3037
295 409663.766 533661.974 1.3027
296 411051.4 535049.608 1.3017
297 412439.054 537437.219 1.3031
298 413826.677 538824.842 1.3021
299 415214.319 541290.756 1.3036
300 416601.955 542678.393 1.3026
301 417989.581 545022.574 1.3039
302 419377.209 546601.015 1.3034
303 420764.859 547988.664 1.3024
304 422152.509 550332.477 1.3036
305 423540.141 551720.109 1.3026
306 424979.178 554301.549 1.3043
307 426315.437 555637.809 1.3033
308 427703.075 557964.516 1.3046
309 429090.704 559425.543 1.3037
310 430529.737 560864.576 1.3027
311 431917.397 563208.956 1.304
312 433305.034 564596.593 1.303
313 434692.678 567134.422 1.3047
314 436080.323 568522.067 1.3037
315 437467.983 569909.727 1.3027
316 438855.621 572268.122 1.304
317 440243.263 573655.764 1.303
318 441630.896 576136.414 1.3046
319 443018.543 577524.061 1.3036
320 444406.204 579990.235 1.3051
321 445793.839 581377.87 1.3041
322 447181.479 582765.509 1.3032
323 448569.135 585074.536 1.3043
324 449956.783 586462.185 1.3034
325 451344.407 588813.677 1.3046
326 452732.04 590201.309 1.3036
327 454119.68 592626.348 1.305
328 455507.335 594014.003 1.3041
329 456894.965 595401.633 1.3031
330 458282.607 597955.68 1.3048
331 459670.24 599343.313 1.3039
332 461057.874 601687.15 1.305
333 462445.504 603074.78 1.3041
334 463833.138 605336.845 1.3051
335 465220.774 606980.342 1.3047
336 466608.438 608368.006 1.3038
337 467996.072 610687.107 1.3049
338 469383.722 612074.757 1.304
339 470771.355 614475.164 1.3053
340 472159.002 615862.811 1.3044
341 473546.66 617250.469 1.3035
342 474934.298 619895.23 1.3052
343 476321.949 621282.882 1.3043
344 477709.58 623545.478 1.3053
345 479097.227 624933.125 1.3044
346 480484.862 627348.661 1.3057
347 481872.514 628736.313 1.3048
348 483260.168 630123.967 1.3039
349 484647.821 632539.545 1.3052
350 486086.858 633978.582 1.3042
351 487474.493 636573.018 1.3059
352 488862.138 637960.663 1.305
353 490249.8 640223.394 1.3059
354 491637.447 641611.041 1.305
355 493025.091 642998.685 1.3042
356 494412.739 645384.215 1.3054
357 495800.387 646771.862 1.3045
358 497188.031 649230.02 1.3058
359 498575.677 650617.666 1.305
360 499963.324 652005.312 1.3041
361 501350.974 654268.201 1.305
362 502738.612 655655.84 1.3042
363 504126.253 658042.129 1.3053
364 505513.879 659429.755 1.3045
365 506901.521 661855.724 1.3057
366 508289.154 663324.945 1.305
367 509676.787 664712.578 1.3042
368 511064.438 667237.673 1.3056
369 512452.086 668625.321 1.3048
370 513839.743 670969.766 1.3058
371 515227.381 672357.404 1.305
372 516615.045 674684.731 1.306
373 518002.678 676346.443 1.3057
374 519390.323 677734.088 1.3049
375 520777.974 680134.804 1.306
376 522165.61 681522.441 1.3052
377 523553.249 683866.811 1.3062
378 524940.902 685254.464 1.3054
379 526328.539 687517.309 1.3063
380 527716.18 689058.132 1.3057
381 529103.821 690445.773 1.3049
382 530491.466 692903.801 1.3062
383 531879.122 694291.458 1.3054
384 533266.762 696635.639 1.3064
385 534654.39 698023.268 1.3056
386 536042.044 699410.921 1.3048
387 537429.697 701831.55 1.3059
388 538817.353 703219.206 1.3051
389 540205.012 705520.8 1.306
390 541592.675 706908.464 1.3052
391 543031.707 709345.676 1.3063
392 544419.362 710733.332 1.3055
393 545755.609 712069.578 1.3047
394 547143.247 714583.998 1.306
395 548582.286 716023.037 1.3052
396 549969.916 718285.802 1.306
397 551357.574 719673.46 1.3053
398 552745.221 722017.732 1.3062
399 554132.867 723486.753 1.3056
400 555520.522 724874.409 1.3049
401 556908.166 727381.797 1.3061
402 558295.797 728769.428 1.3053
403 559683.463 731031.914 1.3062
404 561071.107 732419.557 1.3054
405 562458.777 733807.228 1.3046
406 563846.422 736233.869 1.3057
407 565234.057 737621.505 1.305
408 566621.691 740214.002 1.3064
409 568009.338 741601.649 1.3056
410 569396.97 743863.844 1.3064
411 570784.62 745251.494 1.3057
412 572172.273 746639.146 1.3049
413 573559.904 749027.242 1.3059
414 574947.538 750414.875 1.3052
415 576335.175 752758.569 1.3061
416 577722.822 754146.216 1.3054
417 579110.473 756450.836 1.3062
418 580498.115 757838.477 1.3055
419 581885.771 759226.133 1.3048
420 583273.414 761612.557 1.3058
421 584661.07 763000.212 1.305
422 586048.698 765361.89 1.306
423 587436.334 767005.758 1.3057
424 588823.98 769268.431 1.3064
425 590211.628 770688.124 1.3058
426 591599.259 772075.755 1.3051
427 592986.917 774419.878 1.306
428 594374.559 775807.52 1.3053
429 595762.201 778230.927 1.3063
430 597149.854 779747.336 1.3058
431 598588.883 781186.365 1.305
432 599976.53 783528.131 1.3059
433 601312.792 784864.394 1.3053
434 602751.832 787224.503 1.3061
435 604139.473 788612.145 1.3053
436 605527.141 790956.643 1.3062
437 606914.788 792344.29 1.3055
438 608302.411 793731.913 1.3048
439 609690.059 796465.826 1.3063
440 611077.697 797853.464 1.3056
441 612465.348 800116.134 1.3064
442 613853.003 801503.789 1.3057
443 615240.634 803847.99 1.3066
444 616628.28 805316.494 1.306
445 618015.925 806704.139 1.3053
446 619403.591 809276.62 1.3065
447 620791.248 810664.277 1.3059
448 622178.905 812927.493 1.3066
449 623566.563 814315.151 1.3059
450 624954.214 815702.801 1.3052
451 626341.863 818128.771 1.3062
452 627729.516 819516.424 1.3055
453 629117.156 821936.817 1.3065
454 630504.804 823580.126 1.3062
455 631892.449 825842.995 1.3069
456 633280.109 827230.655 1.3063
457 634667.748 828618.294 1.3056
458 636055.389 830962.574 1.3064
459 637443.04 832350.226 1.3058
460 638830.701 834818.03 1.3068
461 640218.335 836205.665 1.3061
462 641605.994 838510.796 1.3069
463 642993.644 839898.447 1.3062
464 644381.277 841286.08 1.3056
465 645768.909 843671.98 1.3065
466 647156.544 845059.616 1.3058
467 648544.19 847538.79 1.3068
468 649931.839 848926.439 1.3062
469 651319.487 851189.338 1.3069
470 652707.119 852670.552 1.3064
471 654094.768 854058.201 1.3057
472 655482.419 856402.263 1.3065
473 656921.475 857841.319 1.3059
474 658309.133 860168.652 1.3066
475 659696.783 861719.111 1.3062
476 661084.416 863106.744 1.3056
477 662472.06 865516.936 1.3065
478 663859.721 866904.597 1.3059
479 665247.359 869249.257 1.3067
480 666634.993 870636.891 1.306
481 668022.626 872970.934 1.3068
482 669410.262 874439.944 1.3063
483 670797.924 875827.607 1.3057
484 672185.562 878284.731 1.3066
485 673573.206 879672.374 1.306
486 674960.846 882016.026 1.3068
487 676348.49 883403.669 1.3061
488 677736.14 885666.5 1.3068
489 679123.803 887260.444 1.3065
490 680511.452 888648.093 1.3059
491 681899.083 890916.193 1.3065
492 683286.732 892303.842 1.3059
493 684674.363 894647.769 1.3067
494 686062.011 896035.416 1.3061
495 687449.653 898297.995 1.3067
496 688837.296 899971.708 1.3065
497 690224.925 901359.337 1.3059
498 691612.574 903925.608 1.307
499 693000.231 905313.265 1.3064
500 694387.863 907657.605 1.3071
501 695775.504 909045.246 1.3065
502 697163.155 910432.897 1.3059
503 698550.794 912951.837 1.3069
504 699938.443 914339.486 1.3063
505 701326.099 916658.64 1.307
506 702713.744 918046.285 1.3064
507 704101.374 920366.467 1.3072
508 705489.005 921835.435 1.3067
509 706876.648 923223.078 1.3061
510 708264.289 925746.594 1.3071
511 709651.929 927134.234 1.3065
512 711039.585 929535.954 1.3073
513 712427.243 930923.612 1.3067
514 713814.874 933186.387 1.3073
515 715202.536 934655.53 1.3068
516 716641.563 936094.558 1.3062
517 718029.208 938495.776 1.307
518 719416.86 939883.428 1.3065
519 720804.507 942263.571 1.3072
520 722192.141 943981.139 1.3071
521 723579.787 945368.785 1.3065
522 724967.418 947631.388 1.3071
523 726355.076 949019.047 1.3065
524 727742.731 951405.484 1.3073
525 729130.381 952793.133 1.3068
526 730518.046 955136.561 1.3075
527 731905.711 956604.279 1.307
528 733293.362 957991.93 1.3064
529 734681.015 960297.323 1.3071
530 736068.668 961684.976 1.3065
531 737456.323 964071.298 1.3073
532 738843.951 965458.925 1.3067
533 740231.598 967763.456 1.3074
534 741619.235 969649.071 1.3075
535 743006.887 971036.723 1.3069
536 744394.548 973299.35 1.3075
537 745782.177 974686.979 1.3069
538 747169.809 977112.87 1.3078
539 748557.469 978500.53 1.3072
540 749945.117 980763.455 1.3078
541 751332.772 982519.136 1.3077
542 752720.423 983906.787 1.3071
543 754108.058 986169.874 1.3077
544 755495.709 987557.525 1.3072
545 756883.351 989945.616 1.3079
546 758271.002 991333.267 1.3074
547 759658.636 992720.9 1.3068
548 761046.286 995186.993 1.3077
549 762433.933 996574.639 1.3071
550 763821.584 998919.243 1.3078
551 765209.237 1000573.687 1.3076
552 766596.877 1002918.14 1.3083
553 767984.522 1004305.785 1.3077
554 769372.149 1005693.413 1.3072
555 770759.802 1008240.577 1.3081
556 772147.457 1009628.233 1.3076
557 773586.491 1012129.753 1.3084
558 774974.156 1013517.419 1.3078
559 776361.801 1015780.61 1.3084
560 777749.447 1017249.772 1.3079
561 779137.094 1018637.419 1.3074
562 780524.737 1021053.719 1.3082
563 781912.386 1022441.367 1.3076
564 783300.041 1024799.685 1.3083
565 784687.669 1026187.313 1.3078
566 786075.327 1027574.97 1.3072
567 787462.966 1030066.017 1.3081
568 788850.618 1031453.67 1.3075
569 790238.268 1033798.038 1.3082
570 791625.909 1035185.679 1.3077
571 793013.568 1037494.52 1.3083
572 794401.216 1038882.167 1.3078
573 795788.864 1040269.815 1.3072
574 797176.518 1042614.509 1.3079
575 798564.166 1044002.157 1.3073
576 799951.808 1046427.946 1.3081
577 801339.446 1048089.926 1.3079
578 802727.077 1050352.683 1.3085
579 804114.718 1051740.324 1.3079
580 805502.365 1053127.971 1.3074
581 806890.014 1055536.108 1.3082
582 808277.637 1056923.732 1.3076
583 809665.276 1059372.287 1.3084
584 811052.91 1060842.135 1.308
585 812440.554 1063104.688 1.3085
586 813828.19 1064492.324 1.308
587 815215.836 1065879.97 1.3075
588 816603.489 1068281.334 1.3082
589 817991.121 1069668.967 1.3077
590 819378.767 1072007.566 1.3083
591 820766.401 1073613.009 1.3081
592 822154.037 1075000.645 1.3075
593 823541.682 1077345.157 1.3082
594 824929.344 1078732.82 1.3077
595 826316.986 1081000.676 1.3082
596 827756.013 1082439.703 1.3077
597 829092.265 1084778.998 1.3084
598 830531.301 1086218.034 1.3079
599 831918.944 1087605.677 1.3073
600 833306.602 1089948.586 1.308
601 834694.256 1091336.24 1.3075
602 836081.904 1093641.071 1.3081
603 837469.573 1095028.74 1.3075
604 838857.208 1097333.961 1.3081
605 840244.848 1099097.266 1.3081
606 841632.491 1100484.909 1.3076
607 843020.143 1102828.252 1.3082
608 844407.789 1104215.899 1.3077
609 845795.448 1106531.44 1.3083
610 847183.083 1107919.075 1.3078
611 848570.733 1109306.726 1.3073
612 849958.364 1111703.289 1.308
613 851346.01 1113090.936 1.3074
614 852733.651 1115568.64 1.3082
615 854121.286 1116956.275 1.3077
616 855508.924 1119219.104 1.3082
617 856896.583 1120606.763 1.3078
618 858284.232 1121994.412 1.3073
619 859671.868 1124420.582 1.308
620 861059.52 1125808.234 1.3075
621 862447.15 1128475.36 1.3085
622 863834.776 1129862.986 1.308
623 865222.432 1132125.254 1.3085
624 866610.078 1133512.9 1.308
625 867997.715 1134900.537 1.3075
626 869385.36 1137288.365 1.3082
627 870773.019 1138676.025 1.3077
628 872160.665 1141147.959 1.3084
629 873548.318 1142535.612 1.3079
630 874935.956 1144798.52 1.3084
631 876323.606 1146186.17 1.3079
632 877711.259 1147573.823 1.3075
633 879098.904 1149959.974 1.3081
634 880486.545 1151347.616 1.3076
635 881874.189 1153733.558 1.3083
636 883261.826 1155424.425 1.3081
637 884649.488 1156812.086 1.3077
638 886037.148 1159075.174 1.3082
639 887424.784 1160462.809 1.3077
640 888812.421 1162888.476 1.3084
641 890251.444 1164327.499 1.3079
642 891639.102 1166654.676 1.3084
643 893026.765 1168205.568 1.3081
644 894414.409 1169593.211 1.3077
645 895802.054 1171856.265 1.3082
646 897189.699 1173243.91 1.3077
647 898577.322 1175659.564 1.3084
648 899964.972 1177047.214 1.3079
649 901352.617 1179310.113 1.3084
650 902740.269 1180973.337 1.3082
651 904127.907 1182360.975 1.3077
652 905515.559 1184623.685 1.3082
653 906903.215 1186011.341 1.3078
654 908290.85 1188432.126 1.3084
655 909678.497 1189819.773 1.308
656 911066.159 1191207.435 1.3075
657 912453.803 1193671.087 1.3082
658 913841.453 1195058.737 1.3077
659 915229.101 1197362.02 1.3083
660 916616.741 1198749.66 1.3078
661 918004.388 1201093.732 1.3084
662 919392.016 1202687.055 1.3081
663 920779.658 1204074.698 1.3077
664 922167.294 1206580.72 1.3084
665 923554.951 1207968.377 1.308
666 924942.608 1210312.941 1.3085
667 926330.247 1211700.581 1.3081
668 927717.873 1214044.785 1.3086
669 929105.512 1215595.482 1.3084
670 930493.164 1216983.133 1.3079
671 931880.831 1219302.805 1.3084
672 933268.47 1220690.445 1.308
673 934656.14 1223116.425 1.3086
674 936043.765 1224504.051 1.3082
675 937431.419 1226766.777 1.3086
676 938819.054 1228436.709 1.3085
677 940206.688 1229824.344 1.308
678 941594.339 1232168.504 1.3086
679 943033.364 1233607.538 1.3081
680 944420.984 1236076.842 1.3088
681 945757.234 1237413.092 1.3084
682 947196.292 1238852.15 1.3079
683 948583.942 1241163.387 1.3084
684 949971.58 1242551.025 1.308
685 951359.221 1244895.266 1.3085
686 952746.866 1246282.911 1.3081
687 954134.512 1248669.162 1.3087
688 955522.159 1250137.989 1.3083
689 956909.82 1251525.65 1.3079
690 958297.466 1254142.784 1.3087
691 959685.11 1255530.427 1.3083
692 961072.762 1257874.754 1.3088
693 962460.405 1259262.396 1.3084
694 963848.042 1261606.575 1.3089
695 965235.688 1263157.171 1.3087
696 966623.324 1264544.807 1.3082
697 968010.97 1267205.336 1.3091
698 969398.639 1268593.004 1.3086
699 970786.287 1270937.768 1.3092
700 972173.95 1272325.432 1.3087
701 973561.587 1273713.069 1.3083
702 974949.235 1276220.181 1.309
703 976336.87 1277607.816 1.3086
704 977724.512 1279952.246 1.3091
705 979112.158 1281339.892 1.3087
706 980499.799 1283814.318 1.3093
707 981887.448 1285201.967 1.3089
708 983275.075 1286589.594 1.3085
709 984662.744 1289055.584 1.3091
710 986050.384 1290443.225 1.3087
711 987438.022 1292787.586 1.3092
712 988825.656 1294175.22 1.3088
713 990213.292 1296590.906 1.3094
714 991600.941 1298107.855 1.3091
715 992988.591 1299495.505 1.3087
716 994376.226 1301880.069 1.3092
717 995763.872 1303267.714 1.3088
718 997151.513 1305606.657 1.3093
719 998590.557 1307045.701 1.3089
720 999978.191 1309308.123 1.3093
721 1001365.846 1311048.496 1.3093
722 1002753.495 1312436.144 1.3088
723 1004141.139 1314903.021 1.3095
724 1005528.795 1316290.677 1.3091
725 1006916.435 1318599.25 1.3095
726 1008304.084 1319986.898 1.3091
727 1009691.734 1321374.548 1.3087
728 1011079.362 1323718.952 1.3092
729 1012467.024 1325106.613 1.3088
730 1013854.664 1327573.883 1.3094
731 1015242.322 1328961.542 1.309
732 1016629.955 1331266.301 1.3095
733 1018017.614 1332984.928 1.3094
734 1019405.266 1334372.58 1.309
735 1020792.901 1336717.029 1.3095
736 1022180.546 1338104.674 1.3091
737 1023568.191 1340729.23 1.3099
738 1024955.83 1342116.87 1.3094
739 1026343.478 1344461.272 1.31
740 1027731.135 1345930.586 1.3096
741 1029118.775 1347318.227 1.3092
742 1030506.43 1349662.148 1.3097
743 1031894.064 1351049.783 1.3093
744 1033281.702 1353465.695 1.3099
745 1034669.349 1354853.342 1.3095
746 1036057.007 1356241.0 1.309
747 1037444.654 1358599.312 1.3096
748 1038832.292 1359986.95 1.3091
749 1040219.931 1362465.792 1.3098
750 1041607.594 1363853.455 1.3094
751 1042995.246 1366116.649 1.3098
752 1044382.896 1367504.299 1.3094
753 1045770.531 1368891.934 1.309
754 1047158.176 1371312.583 1.3096
755 1048545.82 1372700.227 1.3091
756 1049933.457 1375001.039 1.3096
757 1051321.091 1376388.673 1.3092
758 1052708.746 1378773.562 1.3097
759 1054096.395 1380161.211 1.3093
760 1055484.026 1381548.842 1.3089
761 1056923.067 1384149.05 1.3096
762 1058259.312 1385485.295 1.3092
763 1059698.36 1387799.402 1.3096
764 1061085.996 1389187.038 1.3092
765 1062473.642 1391449.61 1.3096
766 1063861.288 1393000.178 1.3094
767 1065248.94 1394387.83 1.309
768 1066636.602 1396895.505 1.3096
769 1068024.245 1398283.148 1.3092
770 1069411.892 1400546.095 1.3096
771 1070799.541 1401933.743 1.3092
772 1072187.184 1403321.387 1.3088
773 1073574.82 1405729.724 1.3094
774 1074962.457 1407117.362 1.309
775 1076350.099 1409539.166 1.3096
776 1077737.739 1410926.805 1.3092
777 1079125.401 1413275.54 1.3096
778 1080513.033 1414663.172 1.3093
779 1081900.681 1416050.82 1.3089
780 1083288.339 1418522.225 1.3095
781 1084675.979 1419909.866 1.3091
782 1086063.615 1422253.834 1.3095
783 1087451.263 1423641.482 1.3092
784 1088838.889 1425947.633 1.3096
785 1090226.543 1427335.287 1.3092
786 1091614.184 1428722.928 1.3088
787 1093001.826 1431072.298 1.3093
788 1094389.476 1432459.948 1.3089
789 1095777.113 1434811.387 1.3094
790 1097164.772 1436199.046 1.309
791 1098552.415 1437586.689 1.3086
792 1099940.057 1439849.47 1.309
793 1101327.702 1441237.114 1.3086
794 1102715.356 1443993.33 1.3095
795 1104102.99 1445380.965 1.3091
796 1105490.634 1447765.515 1.3096
797 1106878.289 1449153.17 1.3092
798 1108265.938 1450540.819 1.3088
799 1109653.588 1452868.006 1.3093
800 1111041.228 1454255.646 1.3089
801 1112428.872 1456745.619 1.3095
802 1113816.52 1458133.267 1.3091
803 1115255.563 1460569.327 1.3096
804 1116643.225 1461956.989 1.3092
805 1118030.858 1463344.623 1.3089
806 1119418.494 1465684.001 1.3093
807 1120806.15 1467071.658 1.3089
808 1122193.792 1469454.161 1.3094
809 1123581.442 1470841.811 1.3091
810 1124969.077 1473104.438 1.3095
811 1126356.699 1474654.695 1.3092
812 1127744.354 1476042.35 1.3088
813 1129131.987 1478347.935 1.3093
814 1130519.643 1479735.591 1.3089
815 1131907.285 1482284.09 1.3095
816 1133294.95 1483671.756 1.3092
817 1134682.583 1485059.388 1.3088
818 1136070.237 1487525.826 1.3094
819 1137457.883 1488913.471 1.309
820 1138845.515 1491228.991 1.3094
821 1140233.161 1492616.637 1.309
822 1141620.813 1495013.211 1.3096
823 1143008.458 1496400.856 1.3092
824 1144396.089 1497788.487 1.3088
825 1145783.731 1500264.828 1.3094
826 1147171.373 1501652.47 1.309
827 1148559.012 1503986.944 1.3095
828 1149946.646 1505374.577 1.3091
829 1151334.291 1507718.696 1.3095
830 1152721.943 1509106.348 1.3092
831 1154109.591 1510493.996 1.3088
832 1155497.221 1513165.261 1.3095
833 1156884.855 1514552.894 1.3092
834 1158272.494 1516894.16 1.3096
835 1159660.146 1518281.812 1.3092
836 1161047.791 1519669.457 1.3089
837 1162435.426 1521932.37 1.3093
838 1163823.07 1523320.014 1.3089
839 1165210.717 1525705.962 1.3094
840 1166598.372 1527093.616 1.309
841 1167986.009 1529559.292 1.3096
842 1169373.666 1530946.948 1.3092
843 1170761.31 1532334.593 1.3088
844 1172200.341 1534690.703 1.3092
845 1173536.597 1536026.958 1.3089
846 1174975.634 1538476.627 1.3094
847 1176363.288 1539864.281 1.309
848 1177750.937 1542266.176 1.3095
849 1179138.579 1543794.202 1.3093
850 1180526.226 1545181.849 1.3089
851 1181913.866 1547444.486 1.3093
852 1183301.523 1548832.143 1.3089
853 1184689.175 1551241.037 1.3094
854 1186076.835 1552628.697 1.309
855 1187464.479 1554891.699 1.3094
856 1188852.124 1556588.24 1.3093
857 1190239.782 1557975.897 1.309
858 1191627.425 1560238.93 1.3093
859 1193015.054 1561626.559 1.309
860 1194402.697 1564046.646 1.3095
861 1195790.336 1565434.285 1.3091
862 1197177.99 1566821.939 1.3088
863 1198565.642 1569526.982 1.3095
864 1199953.286 1570914.627 1.3091
865 1201340.934 1573177.392 1.3095
866 1202728.587 1574565.046 1.3092
867 1204116.239 1576909.623 1.3096
868 1205503.898 1578297.283 1.3092
869 1206891.535 1579684.92 1.3089
870 1208279.187 1582112.141 1.3094
871 1209666.829 1583499.783 1.309
872 1211054.473 1585804.857 1.3094
873 1212442.117 1587192.501 1.3091
874 1213829.756 1589497.173 1.3095
875 1215217.4 1590966.195 1.3092
876 1216605.042 1592353.837 1.3089
877 1217992.688 1594881.336 1.3094
878 1219380.336 1596268.984 1.3091
879 1220767.969 1598531.766 1.3094
880 1222155.629 1599919.426 1.3091
881 1223543.257 1601307.054 1.3087
882 1224930.893 1603732.783 1.3092
883 1226318.54 1605120.43 1.3089
884 1227706.184 1607784.568 1.3096
885 1229145.227 1609223.61 1.3092
886 1230481.498 1611435.488 1.3096
887 1231920.535 1612874.525 1.3092
888 1233308.177 1614262.168 1.3089
889 1234695.835 1616687.683 1.3094
890 1236083.479 1618075.326 1.309
891 1237471.118 1620495.772 1.3095
892 1238858.772 1622214.666 1.3094
893 1240246.412 1624477.214 1.3098
894 1241634.071 1625864.873 1.3095
895 1243021.712 1627252.513 1.3091
896 1244409.367 1629640.313 1.3096
897 1245797.0 1631027.947 1.3092
898 1247184.643 1633453.022 1.3097
899 1248572.299 1634840.678 1.3094
900 1249959.942 1637103.575 1.3097
901 1251347.566 1638533.21 1.3094
902 1252735.212 1639920.856 1.3091
903 1254122.863 1642257.466 1.3095
904 1255510.515 1643988.803 1.3094
905 1256898.181 1646251.904 1.3098
906 1258285.844 1647639.567 1.3094
907 1259673.502 1649027.225 1.3091
908 1261061.135 1651497.539 1.3096
909 1262448.792 1652885.196 1.3093
910 1263836.424 1655293.718 1.3097
911 1265224.05 1656681.344 1.3094
912 1266611.715 1659023.783 1.3098
913 1267999.353 1660411.421 1.3095
914 1269387.005 1661799.072 1.3091
915 1270774.649 1664264.17 1.3096
916 1272162.31 1665651.831 1.3093
917 1273549.939 1667914.655 1.3097
918 1274937.585 1669302.301 1.3093
919 1276325.231 1671606.809 1.3097
920 1277712.862 1673075.321 1.3094
921 1279100.503 1674462.963 1.3091
922 1280488.167 1677275.131 1.3099
923 1281875.804 1678662.768 1.3095
924 1283263.454 1680925.481 1.3099
925 1284702.493 1682364.521 1.3095
926 1286038.745 1683700.773 1.3092
927 1287477.795 1686149.251 1.3097
928 1288865.436 1687536.893 1.3093
929 1290253.079 1690127.45 1.3099
930 1291640.716 1691515.087 1.3096
931 1293028.352 1693935.15 1.3101
932 1294416.006 1695322.803 1.3097
933 1295803.648 1696710.446 1.3094
934 1297191.31 1699054.527 1.3098
935 1298578.946 1700442.163 1.3095
936 1299966.592 1702858.243 1.3099
937 1301354.225 1704245.877 1.3096
938 1302741.868 1706604.041 1.31
939 1304129.523 1707991.696 1.3097
940 1305517.178 1709379.351 1.3094
941 1306904.817 1711959.691 1.3099
942 1308292.469 1713347.343 1.3096
943 1309680.114 1715691.563 1.31
944 1311067.765 1717079.213 1.3097
945 1312455.407 1719341.801 1.31
946 1313843.061 1720805.788 1.3097
947 1315230.713 1722193.44 1.3094
948 1316618.345 1724808.675 1.31
949 1318005.993 1726196.323 1.3097
950 1319393.65 1728540.427 1.3101
951 1320781.293 1729928.069 1.3098
952 1322168.947 1731315.723 1.3095
953 1323556.594 1733654.918 1.3098
954 1324944.246 1735042.57 1.3095
955 1326331.911 1737657.916 1.3101
956 1327719.567 1739045.572 1.3098
957 1329107.21 1741389.853 1.3102
958 1330494.863 1742777.505 1.3099
959 1331882.495 1744165.138 1.3095
960 1333270.155 1746427.917 1.3099
961 1334657.803 1747815.565 1.3096
962 1336045.441 1750202.109 1.31
963 1337433.083 1751589.751 1.3097
964 1338820.727 1753894.601 1.31
965 1340208.396 1755363.616 1.3098
966 1341596.041 1756751.261 1.3094
967 1343035.07 1759107.486 1.3098
968 1344371.316 1760443.732 1.3095
969 1345810.352 1762893.133 1.3099
970 1347197.991 1764280.772 1.3096
971 1348585.644 1765668.425 1.3093
972 1349973.298 1768105.952 1.3097
973 1351360.945 1769493.599 1.3094
974 1352748.582 1771756.56 1.3097
975 1354136.228 1773144.206 1.3094
976 1355523.872 1775552.364 1.3099
977 1356911.502 1776939.994 1.3095
978 1358299.138 1778327.63 1.3092
979 1359686.793 1780817.326 1.3097
980 1361074.436 1782204.969 1.3094
981 1362462.066 1784467.68 1.3097
982 1363849.731 1785855.344 1.3094
983 1365237.378 1788251.414 1.3098
984 1366625.025 1789639.061 1.3095
985 1368012.664 1791026.7 1.3092
986 1369400.309 1793560.044 1.3097
987 1370787.96 1794947.694 1.3094
988 1372175.614 1797289.349 1.3098
989 1373563.267 1798677.002 1.3095
990 1374950.892 1800939.298 1.3098
991 1376338.541 1802326.946 1.3095
992 1377726.196 1803714.601 1.3092
993 1379113.844 1806101.188 1.3096
994 1380501.479 1807488.823 1.3093
995 1381889.14 1809874.505 1.3097
996 1383276.801 1811262.166 1.3094
997 1384664.448 1812649.814 1.3091
998 1386052.098 1814995.464 1.3095
999 1387439.759 1816383.126 1.3092
1000 1388827.407 1818727.256 1.3095
