1 1365.191 1365.191 1.0
2 2737.367 2847.482 1.0402
3 4109.481 4370.836 1.0636
4 5487.111 5912.022 1.0774
5 6859.224 7547.434 1.1003
6 8231.111 9087.724 1.1041
7 9603.197 10628.961 1.1068
8 10975.138 12282.266 1.1191
9 12351.541 13828.535 1.1196
10 13724.785 15707.83 1.1445
11 15095.41 17248.656 1.1426
12 16467.458 18790.996 1.1411
13 17839.391 20424.223 1.1449
14 19211.294 21966.507 1.1434
15 20589.053 23514.681 1.1421
16 21961.014 25156.218 1.1455
17 23332.957 26698.607 1.1442
18 24704.855 28240.966 1.1431
19 26076.845 29929.687 1.1477
20 27448.938 31472.281 1.1466
21 28824.245 33018.096 1.1455
22 30197.457 35088.523 1.162
23 31569.278 36630.87 1.1603
24 32941.33 38173.456 1.1588
25 34313.308 39806.936 1.1601
26 35684.086 41348.26 1.1587
27 37061.892 42896.617 1.1574
28 38435.373 44539.715 1.1588
29 39807.432 46082.334 1.1576
30 41179.55 47625.011 1.1565
31 42548.71 49345.526 1.1597
32 43927.641 50895.019 1.1586
33 45299.583 52437.527 1.1576
34 46671.629 54669.05 1.1714
35 48042.292 56210.282 1.17
36 49415.633 57754.195 1.1687
37 50786.091 59386.198 1.1693
38 52165.272 60935.953 1.1681
39 53535.873 62477.128 1.167
40 54909.06 64119.947 1.1677
41 56278.457 65659.92 1.1667
42 57651.806 67203.849 1.1657
43 59023.98 68961.588 1.1684
44 60401.619 70509.806 1.1673
45 61773.683 72052.449 1.1664
46 63145.62 74426.571 1.1786
47 64517.661 75969.194 1.1775
48 65889.715 77511.831 1.1764
49 67261.905 79145.581 1.1767
50 68639.647 80693.906 1.1756
51 70010.244 82235.085 1.1746
52 71382.249 83876.846 1.175
53 72754.039 85419.218 1.1741
54 74126.137 86961.9 1.1732
55 75497.007 88734.432 1.1753
56 76875.985 90283.992 1.1744
57 78246.647 92699.856 1.1847
58 79620.19 94243.987 1.1837
59 80990.905 95785.291 1.1827
60 82363.031 97427.154 1.1829
61 83735.009 98961.597 1.1818
62 85112.692 100509.869 1.1809
63 86484.561 102151.386 1.1812
64 87856.612 103694.03 1.1803
65 89227.298 105235.306 1.1794
66 90600.632 107016.329 1.1812
67 91971.333 108549.499 1.1803
68 93349.113 110097.87 1.1794
69 94721.172 112526.541 1.188
70 96093.162 114069.125 1.1871
71 97463.849 115610.407 1.1862
72 98835.75 117252.071 1.1863
73 100209.215 118788.006 1.1854
74 101586.885 120336.271 1.1846
75 102958.868 122113.421 1.186
76 104330.733 123655.883 1.1852
77 105701.448 125197.195 1.1844
78 107073.595 126838.98 1.1846
79 108452.776 128380.635 1.1837
80 109824.89 129923.347 1.183
81 111194.17 132353.085 1.1903
82 112567.483 133896.995 1.1895
83 113939.515 135439.626 1.1887
84 115311.636 137226.374 1.19
85 116689.135 138766.351 1.1892
86 118061.156 140308.973 1.1884
87 119431.918 141949.409 1.1885
88 120803.981 143492.074 1.1878
89 122177.283 145035.977 1.1871
90 123549.399 146677.863 1.1872
91 124925.9 148216.842 1.1864
92 126297.913 149759.456 1.1858
93 127669.957 152206.605 1.1922
94 129041.873 153749.122 1.1915
95 130413.775 155291.626 1.1908
96 131785.828 157069.76 1.1919
97 133163.608 158618.142 1.1912
98 134535.433 160160.568 1.1905
99 135906.042 161800.621 1.1905
100 137279.464 163344.644 1.1899
101 138650.164 164885.946 1.1892
102 140021.044 166518.433 1.1892
103 141398.819 168066.81 1.1886
104 142772.247 170616.882 1.195
105 144143.024 172158.26 1.1944
106 145515.111 173700.949 1.1937
107 146887.101 175509.68 1.1949
108 148259.016 177044.072 1.1942
109 149636.661 178592.318 1.1935
110 151009.886 180235.121 1.1935
111 152380.501 181776.338 1.1929
112 153752.43 183318.869 1.1923
113 155124.374 184960.441 1.1923
114 156496.486 186495.031 1.1917
115 157874.215 188043.361 1.1911
116 159246.097 190734.672 1.1977
117 160618.296 192277.473 1.1971
118 161988.952 193818.731 1.1965
119 163360.854 195695.329 1.1979
120 164738.56 197235.513 1.1973
121 166110.613 198778.168 1.1967
122 167482.568 200419.84 1.1967
123 168854.474 201962.348 1.1961
124 170226.383 203504.858 1.1955
125 171598.321 205146.488 1.1955
126 172976.063 206686.708 1.1949
127 174348.154 208229.4 1.1943
128 175720.181 210936.9 1.2004
129 177092.287 212479.607 1.1998
130 178462.991 214020.913 1.1992
131 179835.021 215895.115 1.2005
132 181212.739 217435.311 1.1999
133 182584.73 218977.903 1.1993
134 183955.451 220618.219 1.1993
135 185327.485 222160.854 1.1987
136 186700.819 223704.789 1.1982
137 188072.801 225346.481 1.1982
138 189450.537 226886.695 1.1976
139 190822.605 228429.365 1.1971
140 192194.718 231177.389 1.2028
141 193565.309 232718.582 1.2023
142 194937.268 234261.142 1.2017
143 196309.18 236147.197 1.2029
144 197686.831 237687.325 1.2023
145 199058.827 239229.923 1.2018
146 200429.471 240870.258 1.2018
147 201802.865 242414.254 1.2012
148 203174.959 243956.949 1.2007
149 204547.018 245598.693 1.2007
150 205924.711 247138.864 1.2001
151 207295.414 249925.252 1.2056
152 208667.543 251467.983 1.2051
153 210039.54 253010.581 1.2046
154 211410.257 254890.919 1.2057
155 212783.732 256434.995 1.2051
156 214161.531 257975.271 1.2046
157 215532.209 259615.691 1.2045
158 216904.161 261158.244 1.204
159 218276.188 262700.872 1.2035
160 219649.563 264344.023 1.2035
161 221020.185 265885.247 1.203
162 222398.025 267425.565 1.2025
163 223769.861 270240.686 1.2077
164 225141.778 271783.205 1.2072
165 226513.892 273325.92 1.2067
166 227885.866 275233.268 1.2078
167 229263.608 276781.611 1.2073
168 230635.759 278316.239 1.2067
169 232007.693 279957.952 1.2067
170 233378.235 281499.095 1.2062
171 234748.913 283040.375 1.2057
172 236122.279 284683.521 1.2057
173 237500.045 286223.765 1.2052
174 238871.973 287766.295 1.2047
175 240243.996 290602.813 1.2096
176 241616.007 292145.425 1.2091
177 242988.093 293688.112 1.2087
178 244360.114 295594.616 1.2097
179 245737.686 297134.666 1.2092
180 247109.793 298677.376 1.2087
181 248478.956 300316.203 1.2086
182 249850.863 301858.715 1.2082
183 251224.3 303402.757 1.2077
184 252596.3 305044.603 1.2076
185 253974.038 306584.823 1.2072
186 255346.041 308127.43 1.2067
187 256717.847 310931.298 1.2112
188 258089.739 312473.794 1.2107
189 259461.785 314016.446 1.2103
190 260839.486 315910.443 1.2111
191 262210.101 317443.539 1.2106
192 263580.665 318984.707 1.2102
193 264952.639 320626.316 1.2101
194 266324.724 322169.005 1.2097
195 267697.836 323712.721 1.2092
196 269075.684 325360.266 1.2092
197 270447.722 326894.785 1.2087
198 271819.794 329772.123 1.2132
199 273191.612 331314.546 1.2128
200 274563.554 332857.092 1.2123
201 275933.117 334768.628 1.2132
202 277312.247 336318.362 1.2128
203 278684.228 337852.824 1.2123
204 280056.146 339494.431 1.2122
205 281428.274 341037.163 1.2118
206 282800.19 342579.684 1.2114
207 284172.388 344221.646 1.2113
208 285548.736 345768.599 1.2109
209 286922.26 347304.603 1.2104
210 288292.806 350162.537 1.2146
211 289664.74 351705.076 1.2142
212 291036.802 353247.743 1.2138
213 292408.955 355148.26 1.2146
214 293786.586 356696.495 1.2141
215 295158.631 358231.021 1.2137
216 296530.63 359872.797 1.2136
217 297902.656 361415.427 1.2132
218 299274.572 362957.947 1.2128
219 300650.985 364603.988 1.2127
220 302023.026 366146.633 1.2123
221 303395.063 367681.151 1.2119
222 304765.721 370577.091 1.2159
223 306139.076 372121.052 1.2155
224 307511.116 373663.696 1.2151
225 308888.936 375594.888 1.216
226 310261.085 377137.642 1.2155
227 311633.011 378672.048 1.2151
228 313005.108 380313.997 1.215
229 314377.234 381856.729 1.2146
230 315747.928 383398.026 1.2143
231 317125.563 385045.423 1.2142
232 318496.166 386586.631 1.2138
233 319869.651 388122.597 1.2134
234 321241.535 391025.472 1.2172
235 322613.702 392568.244 1.2168
236 323985.83 394110.976 1.2164
237 325363.43 396055.507 1.2173
238 326734.112 397596.793 1.2169
239 328107.499 399132.66 1.2165
240 329478.155 400773.07 1.2164
241 330848.885 402314.404 1.216
242 332222.209 403858.332 1.2156
243 333599.954 405505.754 1.2155
244 334971.998 407048.402 1.2152
245 336343.959 409978.295 1.2189
246 337715.952 411520.893 1.2185
247 339087.833 413063.379 1.2182
248 340459.878 414977.301 1.2189
249 341837.532 416525.56 1.2185
250 343209.427 418068.06 1.2181
251 344580.017 419700.329 1.218
252 345952.176 421243.093 1.2176
253 347324.249 422785.77 1.2173
254 348696.202 424427.554 1.2172
255 350074.088 425976.045 1.2168
256 351446.193 427510.629 1.2164
257 352818.246 430447.088 1.22
258 354190.13 431989.576 1.2197
259 355562.154 433532.204 1.2193
260 356939.748 435487.063 1.2201
261 358310.457 437028.376 1.2197
262 359682.535 438562.935 1.2193
263 361054.575 440204.863 1.2192
264 362425.271 441746.163 1.2189
265 363798.702 443290.198 1.2185
266 365170.751 444932.076 1.2184
267 366548.537 446480.467 1.2181
268 367920.585 448014.995 1.2177
269 369292.51 450955.564 1.2211
270 370664.539 452498.198 1.2208
271 372035.263 454039.526 1.2204
272 373407.337 455957.015 1.2211
273 374784.997 457505.28 1.2207
274 376157.099 459039.862 1.2203
275 377529.017 460681.366 1.2203
276 378901.02 462223.974 1.2199
277 380272.943 463766.501 1.2196
278 381650.763 465414.059 1.2195
279 383022.86 466956.76 1.2191
280 384393.469 468489.849 1.2188
281 385765.326 471393.219 1.222
282 387137.371 472935.868 1.2216
283 388509.223 474478.325 1.2213
284 389886.921 476430.556 1.222
285 391258.869 477973.108 1.2216
286 392630.976 479507.696 1.2213
287 394003.159 481149.753 1.2212
288 395375.339 482692.537 1.2208
289 396747.371 484235.174 1.2205
290 398125.019 485882.664 1.2204
291 399494.355 487422.605 1.2201
292 400867.732 490394.975 1.2233
293 402239.693 491937.541 1.223
294 403611.707 493480.159 1.2227
295 404983.755 495450.964 1.2234
296 406361.509 496999.322 1.223
297 407732.051 498540.469 1.2227
298 409105.397 500175.398 1.2226
299 410476.052 501716.657 1.2223
300 411849.37 503260.58 1.222
301 413220.121 504901.058 1.2219
302 414597.917 506449.459 1.2215
303 415970.043 507992.19 1.2212
304 417342.016 510971.249 1.2243
305 418714.003 512513.841 1.224
306 420085.977 514056.42 1.2237
307 421458.052 516009.011 1.2243
308 422835.766 517557.33 1.224
309 424206.425 519098.593 1.2237
310 425579.71 520733.506 1.2236
311 426950.425 522274.825 1.2233
312 428322.506 523817.511 1.223
313 429694.672 525459.365 1.2229
314 431072.44 527007.737 1.2226
315 432443.022 528548.923 1.2222
316 433816.232 531510.724 1.2252
317 435188.361 533053.457 1.2249
318 436560.246 534595.947 1.2246
319 437938.004 536576.539 1.2252
320 439308.776 538117.916 1.2249
321 440680.907 539660.651 1.2246
322 442052.834 541294.248 1.2245
323 443424.736 542836.755 1.2242
324 444796.894 544379.518 1.2239
325 446174.447 546026.881 1.2238
326 447546.679 547569.717 1.2235
327 448918.632 549112.274 1.2232
328 450290.703 552123.097 1.2261
329 451662.726 553665.725 1.2258
330 453033.399 555207.002 1.2255
331 454409.778 557221.658 1.2263
332 455783.032 558765.517 1.2259
333 457155.024 560299.989 1.2256
334 458527.047 561941.746 1.2255
335 459899.212 563484.515 1.2252
336 461271.269 565027.177 1.2249
337 462649.021 566674.67 1.2248
338 464020.876 568217.13 1.2246
339 465392.869 571215.483 1.2274
340 466765.072 572758.291 1.2271
341 468134.378 574298.201 1.2268
342 469506.452 576268.888 1.2274
343 470885.46 577818.501 1.2271
344 472257.531 579361.177 1.2268
345 473629.69 580994.921 1.2267
346 475000.372 582536.208 1.2264
347 476373.622 584080.063 1.2261
348 477745.536 585721.667 1.226
349 479123.196 587269.931 1.2257
350 480493.781 588811.121 1.2254
351 481865.776 591825.127 1.2282
352 483236.586 593366.542 1.2279
353 484609.96 594910.52 1.2276
354 485981.965 596901.037 1.2282
355 487359.527 598449.205 1.2279
356 488731.436 599991.718 1.2277
357 490103.616 601625.389 1.2275
358 491475.718 603168.095 1.2273
359 492847.581 604710.563 1.227
360 494219.649 606352.318 1.2269
361 495594.869 607898.143 1.2266
362 496968.302 609442.181 1.2263
363 498340.408 612465.348 1.229
364 499712.565 614008.109 1.2287
365 501084.668 615550.816 1.2284
366 502456.746 617517.54 1.229
367 503834.484 619065.883 1.2287
368 505206.39 620608.393 1.2284
369 506578.499 622242.118 1.2283
370 507950.456 623784.679 1.228
371 509321.21 625326.038 1.2278
372 510693.246 626967.727 1.2277
373 512070.859 628515.944 1.2274
374 513442.879 630058.568 1.2271
375 514814.843 633078.155 1.2297
376 516186.936 634620.853 1.2294
377 517559.094 636163.615 1.2292
378 518931.109 638162.118 1.2298
379 520308.768 639710.381 1.2295
380 521679.453 641251.671 1.2292
381 523050.177 642883.976 1.2291
382 524423.543 644427.946 1.2288
383 525795.557 645970.565 1.2286
384 527167.554 647612.299 1.2285
385 528545.27 649160.619 1.2282
386 529917.303 652270.71 1.2309
387 531288.028 653803.916 1.2306
388 532661.42 655347.912 1.2303
389 534033.435 657371.86 1.231
390 535405.383 658914.412 1.2307
391 536781.76 660461.393 1.2304
392 538152.441 662101.887 1.2303
393 539525.825 663637.752 1.23
394 540897.773 665180.305 1.2298
395 542269.704 666821.981 1.2297
396 543640.488 668363.369 1.2294
397 545019.473 669912.959 1.2292
398 546390.209 673034.474 1.2318
399 547763.556 674570.302 1.2315
400 549135.443 676112.794 1.2312
401 550506.069 678106.639 1.2318
402 551883.645 679654.819 1.2315
403 553255.757 681197.536 1.2313
404 554627.936 682839.351 1.2312
405 555999.933 684373.828 1.2309
406 557370.527 685915.027 1.2306
407 558742.428 687556.608 1.2305
408 560121.465 689106.249 1.2303
409 561493.408 690648.797 1.23
410 562865.57 693686.253 1.2324
411 564236.331 695219.495 1.2321
412 565608.391 696762.159 1.2319
413 566980.471 698769.322 1.2324
414 568358.126 700317.582 1.2322
415 569728.569 701858.63 1.2319
416 571100.613 703492.141 1.2318
417 572474.014 705036.147 1.2316
418 573845.994 706578.731 1.2313
419 575223.506 708225.984 1.2312
420 576595.434 709768.518 1.231
421 577966.083 711309.77 1.2307
422 579336.759 714238.854 1.2329
423 580710.03 715782.73 1.2326
424 582081.926 717325.231 1.2323
425 583459.578 719379.844 1.233
426 584830.49 720921.36 1.2327
427 586203.801 722465.276 1.2324
428 587575.921 724098.928 1.2323
429 588946.689 725640.3 1.2321
430 590318.67 727182.886 1.2318
431 591696.3 728830.293 1.2318
432 593068.403 730373.0 1.2315
433 594440.416 733533.482 1.234
434 595812.341 735067.887 1.2337
435 597184.352 736610.503 1.2335
436 598556.43 738626.512 1.234
437 599934.163 740174.85 1.2338
438 601306.103 741717.395 1.2335
439 602678.141 743359.08 1.2334
440 604048.953 744892.373 1.2332
441 605421.057 746435.081 1.2329
442 606793.078 748076.803 1.2328
443 608170.965 749625.295 1.2326
444 609542.924 751167.858 1.2323
445 610913.547 754310.837 1.2347
446 612286.899 755846.668 1.2345
447 613657.631 757388.006 1.2342
448 615031.102 759235.85 1.2345
449 616408.774 760784.126 1.2342
450 617780.708 762326.665 1.234
451 619151.371 763966.946 1.2339
452 620523.247 765501.302 1.2336
453 621895.197 767043.857 1.2334
454 623267.17 768685.503 1.2333
455 624644.81 770233.747 1.2331
456 626016.69 771776.232 1.2328
457 627388.74 774864.686 1.2351
458 628760.705 776399.132 1.2348
459 630132.784 777941.815 1.2346
460 631510.365 779853.234 1.2349
461 632881.048 781394.522 1.2347
462 634251.825 782935.903 1.2344
463 635625.048 784578.912 1.2343
464 636997.097 786113.442 1.2341
465 638369.146 787656.095 1.2339
466 639745.571 789302.395 1.2338
467 641118.999 790846.427 1.2335
468 642490.976 792389.009 1.2333
469 643862.933 795549.08 1.2356
470 645234.913 797083.541 1.2353
471 646605.565 798624.798 1.2351
472 647983.345 800668.373 1.2356
473 649354.071 802209.703 1.2354
474 650727.539 803753.776 1.2352
475 652098.214 805394.136 1.2351
476 653471.608 806930.01 1.2348
477 654843.804 808472.811 1.2346
478 656221.49 810120.267 1.2345
479 657593.318 811662.699 1.2343
480 658965.292 814855.649 1.2366
481 660335.925 816396.887 1.2363
482 661706.554 817929.996 1.2361
483 663078.467 819991.703 1.2366
484 664457.504 821541.344 1.2364
485 665829.561 823084.006 1.2362
486 667201.707 824725.981 1.2361
487 668573.639 826268.518 1.2359
488 669945.663 827803.023 1.2356
489 671317.763 829444.964 1.2355
490 672695.623 830993.428 1.2353
491 674066.214 832534.623 1.2351
492 675438.358 835657.632 1.2372
493 676810.309 837192.064 1.237
494 678181.038 838733.397 1.2367
495 679553.113 840767.803 1.2372
496 680932.048 842317.343 1.237
497 682304.049 843859.948 1.2368
498 683676.046 845501.734 1.2367
499 685048.041 847036.209 1.2365
500 686420.108 848578.88 1.2362
501 687796.463 850224.893 1.2362
502 689167.137 851766.171 1.2359
503 690540.416 853310.055 1.2357
504 691911.047 856053.515 1.2372
505 693284.325 857589.273 1.237
506 694656.412 859131.965 1.2368
507 696034.131 861201.83 1.2373
508 697406.127 862744.43 1.2371
509 698778.166 864287.073 1.2369
510 700150.26 865929.012 1.2368
511 701520.906 867462.139 1.2365
512 702892.872 869004.709 1.2363
513 704269.292 870650.867 1.2362
514 705642.512 872194.691 1.236
515 707014.405 873737.189 1.2358
516 708386.497 876615.411 1.2375
517 709758.569 878149.964 1.2373
518 711130.662 879692.661 1.237
519 712508.525 881790.469 1.2376
520 713880.413 883332.961 1.2374
521 715251.101 884874.254 1.2372
522 716623.334 886516.257 1.2371
523 717993.923 888049.326 1.2368
524 719365.983 889591.99 1.2366
525 720745.018 891240.782 1.2366
526 722116.921 892783.29 1.2363
527 723489.009 896026.031 1.2385
528 724860.989 897568.615 1.2383
529 726231.695 899101.801 1.238
530 727605.055 901050.267 1.2384
531 728981.62 902597.437 1.2382
532 730353.778 904140.199 1.2379
533 731724.509 905780.75 1.2379
534 733097.806 907324.653 1.2377
535 734469.63 908858.957 1.2374
536 735840.162 910499.191 1.2374
537 737219.297 912048.93 1.2371
538 738591.416 913591.654 1.2369
539 739963.485 916827.184 1.239
540 741335.47 918369.775 1.2388
541 742706.02 919902.805 1.2386
542 744083.647 921770.339 1.2388
543 745454.292 923311.588 1.2386
544 746826.254 924854.155 1.2384
545 748198.275 926495.892 1.2383
546 749570.288 928038.51 1.2381
547 750943.509 929574.212 1.2379
548 752319.903 931220.255 1.2378
549 753691.812 932762.769 1.2376
550 755065.039 934306.601 1.2374
551 756435.573 937522.994 1.2394
552 757807.515 939065.541 1.2392
553 759183.919 940604.426 1.239
554 760557.345 942385.961 1.2391
555 761929.369 943928.59 1.2389
556 763301.502 945471.327 1.2387
557 764673.541 947113.12 1.2386
558 766045.524 948655.708 1.2384
559 767416.266 950188.93 1.2382
560 768795.186 951837.44 1.2381
561 770165.849 953378.707 1.2379
562 771537.886 954921.348 1.2377
563 772909.734 958242.564 1.2398
564 774281.713 959785.147 1.2396
565 775659.319 961325.234 1.2394
566 777031.428 963320.005 1.2397
567 778403.385 964862.567 1.2395
568 779775.369 966405.155 1.2393
569 781146.031 968045.504 1.2393
570 782519.485 969589.563 1.2391
571 783895.85 971227.497 1.239
572 785267.795 972770.046 1.2388
573 786639.646 974312.502 1.2386
574 788011.721 977379.893 1.2403
575 789383.78 978922.556 1.2401
576 790755.789 980457.046 1.2399
577 792133.543 982580.895 1.2404
578 793504.176 984122.133 1.2402
579 794877.427 985665.988 1.24
580 796249.535 987307.734 1.2399
581 797620.065 988848.869 1.2397
582 798997.812 990389.096 1.2395
583 800369.823 992030.837 1.2395
584 801741.749 993573.367 1.2393
585 803113.821 995116.044 1.2391
586 804484.379 997987.358 1.2405
587 805857.789 999531.374 1.2403
588 807235.501 1001071.566 1.2401
589 808606.134 1003152.018 1.2406
590 809979.519 1004696.007 1.2404
591 811350.363 1006237.455 1.2402
592 812722.438 1007879.307 1.2401
593 814094.491 1009421.964 1.2399
594 815470.867 1010960.821 1.2397
595 816844.201 1012603.816 1.2397
596 818216.116 1014146.335 1.2395
597 819588.134 1015688.957 1.2393
598 820958.724 1018423.383 1.2405
599 822331.952 1019967.216 1.2403
600 823709.743 1021507.488 1.2401
601 825080.381 1023623.544 1.2406
602 826452.4 1025166.167 1.2404
603 827823.207 1026707.579 1.2402
604 829196.606 1028350.734 1.2402
605 830568.671 1029893.404 1.24
606 831946.3 1031433.514 1.2398
607 833318.13 1033075.177 1.2397
608 834690.121 1034617.773 1.2395
609 836062.276 1036160.532 1.2393
610 837434.312 1039102.521 1.2408
611 838810.628 1040649.442 1.2406
612 840181.467 1042182.762 1.2404
613 841554.789 1044151.749 1.2407
614 842926.778 1045694.342 1.2406
615 844298.816 1047236.985 1.2404
616 845669.495 1048877.392 1.2403
617 847048.482 1050426.984 1.2401
618 848420.542 1052060.612 1.24
619 849792.503 1053603.177 1.2398
620 851164.479 1055145.758 1.2396
621 852535.318 1058455.875 1.2415
622 853907.367 1059998.529 1.2414
623 855285.012 1061546.778 1.2412
624 856657.128 1063470.591 1.2414
625 858027.708 1065011.775 1.2412
626 859401.135 1066555.808 1.241
627 860773.149 1068197.62 1.241
628 862145.155 1069740.23 1.2408
629 863522.84 1071288.521 1.2406
630 864894.842 1072922.145 1.2405
631 866265.527 1074463.434 1.2403
632 867637.528 1076006.04 1.2402
633 869008.218 1079366.501 1.2421
634 870381.504 1080910.392 1.2419
635 871757.748 1082457.24 1.2417
636 873131.111 1084377.274 1.2419
637 874503.258 1085920.027 1.2418
638 875875.424 1087462.797 1.2416
639 877247.416 1089104.621 1.2415
640 878619.398 1090647.208 1.2413
641 879994.558 1092192.972 1.2411
642 881367.827 1093827.897 1.2411
643 882739.906 1095370.582 1.2409
644 884111.744 1096913.023 1.2407
645 885483.845 1100234.999 1.2425
646 886856.074 1101777.833 1.2423
647 888233.81 1103326.173 1.2422
648 889605.642 1105136.732 1.2423
649 890977.845 1106679.539 1.2421
650 892348.445 1108220.743 1.2419
651 893720.577 1109862.453 1.2418
652 895092.425 1111404.905 1.2417
653 896470.128 1112945.089 1.2415
654 897840.794 1114585.47 1.2414
655 899214.148 1116129.428 1.2412
656 900586.162 1117672.047 1.241
657 901958.154 1120845.672 1.2427
658 903335.648 1122393.77 1.2425
659 904707.662 1123928.264 1.2423
660 906079.683 1125880.726 1.2426
661 907450.499 1127422.147 1.2424
662 908822.479 1128964.732 1.2422
663 910194.42 1130606.368 1.2422
664 911571.947 1132154.5 1.242
665 912943.89 1133787.979 1.2419
666 914315.811 1135330.505 1.2417
667 915687.828 1136873.126 1.2416
668 917059.822 1139817.419 1.2429
669 918431.778 1141359.979 1.2427
670 919808.252 1142907.058 1.2425
671 921178.892 1145002.674 1.243
672 922552.236 1146546.623 1.2428
673 923924.298 1148089.289 1.2426
674 925296.273 1149731.11 1.2426
675 926668.388 1151273.829 1.2424
676 928046.04 1152822.085 1.2422
677 929418.121 1154455.879 1.2421
678 930788.807 1155997.17 1.242
679 932162.133 1157541.1 1.2418
680 933533.034 1160492.032 1.2431
681 934904.961 1162034.564 1.2429
682 936282.694 1163582.901 1.2428
683 937654.851 1165727.927 1.2432
684 939025.612 1167269.293 1.2431
685 940398.918 1168813.203 1.2429
686 941771.027 1170454.982 1.2428
687 943141.656 1171996.216 1.2427
688 944520.653 1173545.818 1.2425
689 945892.606 1175179.243 1.2424
690 947264.828 1176722.069 1.2422
691 948635.541 1178263.387 1.2421
692 950007.452 1181061.478 1.2432
693 951379.444 1182604.074 1.243
694 952755.762 1184150.996 1.2429
695 954127.726 1186245.394 1.2433
696 955501.061 1187789.333 1.2431
697 956873.103 1189331.98 1.2429
698 958245.274 1190973.876 1.2429
699 959617.312 1192516.518 1.2427
700 960994.926 1194064.737 1.2425
701 962365.677 1195697.055 1.2425
702 963736.257 1197238.24 1.2423
703 965109.525 1198782.112 1.2421
704 966480.28 1201956.511 1.2436
705 967859.383 1203506.218 1.2435
706 969231.377 1205048.817 1.2433
707 970603.394 1206993.584 1.2435
708 971975.257 1208536.051 1.2434
709 973347.279 1210078.678 1.2432
710 974719.298 1211720.269 1.2431
711 976094.262 1213265.838 1.243
712 977466.285 1214907.425 1.2429
713 978839.653 1216443.275 1.2427
714 980211.667 1217985.893 1.2426
715 981583.667 1221354.169 1.2443
716 982955.666 1222896.773 1.2441
717 984333.311 1224445.022 1.2439
718 985704.015 1226377.42 1.2442
719 987077.427 1227913.313 1.244
720 988449.435 1229455.925 1.2438
721 989818.891 1231095.142 1.2438
722 991192.3 1232639.155 1.2436
723 992570.171 1234187.631 1.2434
724 993942.181 1235829.271 1.2434
725 995314.315 1237363.885 1.2432
726 996686.334 1238906.508 1.243
727 998058.42 1242209.776 1.2446
728 999429.27 1243751.23 1.2445
729 1000808.208 1245300.773 1.2443
730 1002180.223 1247184.199 1.2445
731 1003549.612 1248716.068 1.2443
732 1004922.961 1250260.022 1.2441
733 1006294.937 1251901.722 1.2441
734 1007666.965 1253444.355 1.2439
735 1009044.655 1254992.65 1.2437
736 1010416.778 1256626.364 1.2437
737 1011788.859 1258169.049 1.2435
738 1013160.969 1259711.765 1.2433
739 1014532.955 1262828.157 1.2447
740 1015905.133 1264370.939 1.2446
741 1017281.471 1265917.881 1.2444
742 1018653.437 1267749.595 1.2445
743 1020025.44 1269292.203 1.2444
744 1021397.411 1270834.778 1.2442
745 1022769.358 1272476.491 1.2441
746 1024140.08 1274017.818 1.244
747 1025519.096 1275567.438 1.2438
748 1026891.156 1277201.024 1.2438
749 1028261.861 1278742.333 1.2436
750 1029635.058 1280286.135 1.2434
751 1031005.746 1283318.458 1.2447
752 1032377.777 1284861.093 1.2446
753 1033755.555 1286409.476 1.2444
754 1035127.494 1288343.259 1.2446
755 1036499.627 1289885.996 1.2445
756 1037870.421 1291427.395 1.2443
757 1039242.353 1293068.974 1.2442
758 1040615.692 1294612.918 1.2441
759 1041993.447 1296260.546 1.244
760 1043365.533 1297795.112 1.2439
761 1044736.28 1299336.464 1.2437
762 1046108.27 1302302.988 1.2449
763 1047480.383 1303845.705 1.2447
764 1048850.847 1305386.774 1.2446
765 1050229.823 1307559.743 1.245
766 1051600.565 1309092.966 1.2449
767 1052972.713 1310635.719 1.2447
768 1054346.083 1312278.834 1.2446
769 1055716.812 1313820.168 1.2445
770 1057090.198 1315364.158 1.2443
771 1058466.58 1317010.359 1.2443
772 1059838.676 1318544.935 1.2441
773 1061209.387 1320086.251 1.2439
774 1062582.685 1322959.385 1.245
775 1063954.651 1324501.956 1.2449
776 1065332.335 1326050.244 1.2447
777 1066704.314 1328176.718 1.2451
778 1068076.32 1329711.204 1.245
779 1069447.05 1331252.539 1.2448
780 1070820.253 1332895.45 1.2447
781 1072191.089 1334436.89 1.2446
782 1073568.819 1335985.225 1.2444
783 1074940.855 1337626.974 1.2444
784 1076312.884 1339161.482 1.2442
785 1077684.883 1340704.086 1.2441
786 1079056.989 1343734.241 1.2453
787 1080429.012 1345276.869 1.2451
788 1081805.482 1346823.943 1.245
789 1083178.911 1348812.009 1.2452
790 1084551.021 1350346.599 1.2451
791 1085921.72 1351887.902 1.2449
792 1087292.312 1353528.187 1.2449
793 1088665.627 1355072.106 1.2447
794 1090043.24 1356620.323 1.2446
795 1091415.244 1358261.915 1.2445
796 1092787.128 1359796.28 1.2443
797 1094159.071 1361338.828 1.2442
798 1095531.177 1364681.237 1.2457
799 1096903.224 1366223.889 1.2455
800 1098280.928 1367772.198 1.2454
801 1099650.367 1369739.554 1.2456
802 1101023.785 1371275.452 1.2455
803 1102395.8 1372818.071 1.2453
804 1103767.875 1374459.921 1.2452
805 1105139.917 1376002.568 1.2451
806 1106517.695 1377650.103 1.245
807 1107889.649 1379192.662 1.2449
808 1109260.206 1380725.7 1.2447
809 1110633.462 1384033.302 1.2462
810 1112005.423 1385575.867 1.246
811 1113374.827 1387115.875 1.2459
812 1114753.806 1389110.823 1.2461
813 1116125.837 1390645.334 1.246
814 1117497.885 1392187.987 1.2458
815 1118869.703 1393829.462 1.2457
816 1120241.708 1395372.072 1.2456
817 1121612.496 1396913.464 1.2455
818 1122990.377 1398561.134 1.2454
819 1124363.748 1400096.986 1.2452
820 1125735.852 1401639.695 1.2451
821 1127106.527 1404873.151 1.2464
822 1128478.601 1406415.83 1.2463
823 1129850.64 1407958.474 1.2461
824 1131228.195 1409879.222 1.2463
825 1132600.183 1411413.691 1.2462
826 1133970.774 1412954.887 1.246
827 1135344.164 1414598.041 1.246
828 1136716.364 1416140.846 1.2458
829 1138087.046 1417682.132 1.2457
830 1139464.871 1419329.834 1.2456
831 1140836.971 1420864.414 1.2455
832 1142208.995 1422407.043 1.2453
833 1143581.074 1425470.447 1.2465
834 1144952.983 1427012.96 1.2464
835 1146323.664 1428554.246 1.2462
836 1147702.765 1430415.416 1.2463
837 1149074.695 1431949.826 1.2462
838 1150446.563 1433492.299 1.246
839 1151818.449 1435133.97 1.246
840 1153190.639 1436676.765 1.2458
841 1154567.068 1438223.799 1.2457
842 1155937.749 1439864.249 1.2456
843 1157311.283 1441400.263 1.2455
844 1158683.267 1442942.851 1.2453
845 1160054.045 1446050.346 1.2465
846 1161427.442 1447594.347 1.2464
847 1162805.142 1449142.651 1.2462
848 1164177.103 1451139.48 1.2465
849 1165549.143 1452674.0 1.2463
850 1166921.165 1454216.627 1.2462
851 1168291.846 1455857.065 1.2461
852 1169663.996 1457399.82 1.246
853 1171041.549 1459047.005 1.2459
854 1172413.64 1460589.7 1.2458
855 1173784.279 1462122.82 1.2456
856 1175157.526 1465097.628 1.2467
857 1176529.519 1466640.225 1.2466
858 1177901.406 1468182.716 1.2464
859 1179279.226 1470352.764 1.2468
860 1180649.884 1471894.026 1.2467
861 1182021.984 1473428.607 1.2465
862 1183392.673 1475069.028 1.2465
863 1184764.798 1476611.757 1.2463
864 1186136.888 1478154.452 1.2462
865 1187515.968 1479803.148 1.2461
866 1188888.029 1481345.812 1.246
867 1190260.148 1482880.412 1.2458
868 1191632.319 1485925.438 1.247
869 1193004.395 1487468.118 1.2468
870 1194376.407 1489010.735 1.2467
871 1195752.821 1491093.97 1.247
872 1197124.856 1492636.61 1.2469
873 1198496.727 1494170.961 1.2467
874 1199868.781 1495812.886 1.2466
875 1201239.392 1497354.101 1.2465
876 1202611.333 1498896.647 1.2464
877 1203989.136 1500544.233 1.2463
878 1205362.366 1502088.068 1.2462
879 1206734.43 1503622.612 1.246
880 1208106.55 1506821.18 1.2473
881 1209476.026 1508361.26 1.2471
882 1210848.021 1509903.859 1.247
883 1212225.832 1511923.401 1.2472
884 1213599.128 1513467.301 1.2471
885 1214971.082 1515001.736 1.2469
886 1216343.055 1516643.298 1.2469
887 1217715.149 1518185.996 1.2467
888 1219087.138 1519728.59 1.2466
889 1220463.558 1521374.774 1.2466
890 1221837.122 1522918.942 1.2464
891 1223207.744 1524452.045 1.2463
892 1224579.82 1527779.339 1.2476
893 1225951.743 1529321.867 1.2475
894 1227323.807 1530864.535 1.2473
895 1228701.595 1532877.357 1.2476
896 1230073.724 1534411.966 1.2474
897 1231445.707 1535954.554 1.2473
898 1232817.736 1537596.216 1.2472
899 1234189.853 1539138.937 1.2471
900 1235562.017 1540681.705 1.2469
901 1236938.452 1542327.994 1.2469
902 1238310.523 1543862.545 1.2467
903 1239682.622 1546954.776 1.2479
904 1241054.723 1548497.481 1.2477
905 1242426.857 1550040.219 1.2476
906 1243799.088 1551966.174 1.2478
907 1245171.252 1553508.942 1.2476
908 1246548.963 1555049.134 1.2475
909 1247920.986 1556690.832 1.2474
910 1249291.781 1558232.231 1.2473
911 1250662.462 1559773.517 1.2472
912 1252035.648 1561416.389 1.2471
913 1253407.629 1562958.974 1.247
914 1254785.33 1564499.155 1.2468
915 1256156.002 1567613.333 1.2479
916 1257528.111 1569156.046 1.2478
917 1258901.44 1570699.98 1.2477
918 1260273.345 1572644.067 1.2479
919 1261645.446 1574186.771 1.2477
920 1263023.175 1575726.981 1.2476
921 1264393.873 1577367.39 1.2475
922 1265765.878 1578909.999 1.2474
923 1267137.919 1580452.644 1.2473
924 1268509.898 1582094.342 1.2472
925 1269881.902 1583636.951 1.2471
926 1271259.766 1585177.295 1.2469
927 1272631.924 1588276.794 1.248
928 1274004.025 1589819.5 1.2479
929 1275375.999 1591362.079 1.2478
930 1276748.042 1593228.4 1.2479
931 1278118.751 1594769.713 1.2477
932 1279496.528 1596309.971 1.2476
933 1280868.528 1597951.664 1.2476
934 1282240.548 1599494.288 1.2474
935 1283612.558 1601036.903 1.2473
936 1284983.244 1602677.297 1.2472
937 1286355.21 1604219.867 1.2471
938 1287732.96 1605760.098 1.247
939 1289106.342 1608842.773 1.248
940 1290478.337 1610385.373 1.2479
941 1291847.747 1611925.387 1.2478
942 1293219.697 1613943.824 1.248
943 1294591.636 1615486.368 1.2479
944 1295969.23 1617026.442 1.2477
945 1297342.659 1618669.603 1.2477
946 1298714.716 1620212.264 1.2476
947 1300086.684 1621754.836 1.2474
948 1301458.865 1623396.8 1.2474
949 1302836.539 1624945.079 1.2472
950 1304207.223 1627864.938 1.2482
951 1305579.099 1629518.148 1.2481
952 1306951.054 1631060.707 1.248
953 1308323.114 1633168.263 1.2483
954 1309695.086 1634710.839 1.2482
955 1311072.726 1636259.084 1.248
956 1312444.811 1637892.729 1.248
957 1313816.818 1639435.341 1.2478
958 1315188.981 1640978.108 1.2477
959 1316561.058 1642619.744 1.2477
960 1317933.09 1644162.38 1.2475
961 1319309.52 1645709.415 1.2474
962 1320680.18 1648784.917 1.2484
963 1322052.184 1650327.525 1.2483
964 1323425.472 1651871.418 1.2482
965 1324796.272 1653889.763 1.2484
966 1326168.281 1655432.377 1.2483
967 1327547.259 1656981.959 1.2482
968 1328919.158 1658615.445 1.2481
969 1330291.348 1660158.239 1.248
970 1331663.333 1661700.828 1.2478
971 1333033.896 1663341.135 1.2478
972 1334405.969 1664883.812 1.2477
973 1335783.544 1666423.868 1.2475
974 1337155.407 1669880.938 1.2488
975 1338527.432 1671423.567 1.2487
976 1339899.502 1672966.241 1.2486
977 1341271.502 1675029.451 1.2488
978 1342642.242 1676570.796 1.2487
979 1344021.411 1678112.446 1.2486
980 1345391.975 1679752.712 1.2485
981 1346763.916 1681295.256 1.2484
982 1348136.008 1682837.954 1.2483
983 1349507.928 1684479.618 1.2482
984 1350885.731 1686028.026 1.2481
985 1352257.805 1687562.581 1.248
986 1353628.383 1690849.543 1.2491
987 1355001.663 1692393.428 1.249
988 1356373.679 1693936.048 1.2489
989 1357745.772 1696044.848 1.2492
990 1359123.631 1697593.312 1.249
991 1360492.813 1699124.974 1.2489
992 1361866.021 1700767.885 1.2489
993 1363236.597 1702309.066 1.2487
994 1364609.925 1703852.999 1.2486
995 1365981.883 1705494.759 1.2485
996 1367359.634 1707043.116 1.2484
997 1368731.565 1710282.896 1.2495
998 1370103.417 1711825.352 1.2494
999 1371475.319 1713367.858 1.2493
1000 1372846.143 1715421.773 1.2495
