1 1386.306 1821.358 1.3138
2 2779.577 3655.669 1.3152
3 4172.802 5491.828 1.3161
4 5566.034 7333.459 1.3175
5 6952.297 9172.528 1.3194
6 8352.524 11020.04 1.3194
7 9745.769 12868.197 1.3204
8 11132.042 14704.799 1.3209
9 12532.258 16734.892 1.3353
10 13918.546 18570.038 1.3342
11 15311.806 20410.52 1.333
12 16705.041 22266.464 1.3329
13 18098.297 24114.658 1.3324
14 19491.563 25970.921 1.3324
15 20891.785 27825.811 1.3319
16 22278.067 29670.878 1.3318
17 23671.322 31689.081 1.3387
18 25064.578 33524.767 1.3375
19 26457.808 35364.778 1.3366
20 27851.047 37221.158 1.3364
21 29244.289 39065.498 1.3358
22 30637.529 40917.609 1.3355
23 32030.751 42749.297 1.3346
24 33423.977 44581.143 1.3338
25 34817.229 46558.275 1.3372
26 36210.465 48406.175 1.3368
27 37603.703 50248.525 1.3363
28 38996.956 52098.735 1.336
29 40390.225 53944.663 1.3356
30 41783.483 55798.124 1.3354
31 43176.731 57643.167 1.3351
32 44569.977 59487.655 1.3347
33 45963.234 61493.53 1.3379
34 47356.474 63331.059 1.3373
35 48749.731 65190.495 1.3372
36 50142.979 67034.779 1.3369
37 51536.215 68878.798 1.3365
38 52929.46 70722.663 1.3362
39 54322.714 72567.066 1.3359
40 55715.98 74411.596 1.3356
41 57109.233 76404.837 1.3379
42 58502.498 78233.412 1.3373
43 59888.782 80066.76 1.3369
44 61288.992 81921.108 1.3366
45 62682.209 83765.837 1.3364
46 64068.49 85607.998 1.3362
47 65468.703 87461.965 1.3359
48 66861.957 89307.902 1.3357
49 68255.208 91294.788 1.3376
50 69648.458 93155.456 1.3375
51 71041.722 94999.877 1.3372
52 72427.995 96848.959 1.3372
53 73828.225 98704.111 1.3369
54 75221.478 100547.786 1.3367
55 76607.75 102392.904 1.3366
56 78007.957 104247.258 1.3364
57 79394.257 106242.229 1.3382
58 80787.514 108078.178 1.3378
59 82187.727 109945.824 1.3377
60 83580.97 111802.048 1.3376
61 84967.241 113630.813 1.3373
62 86360.479 115502.939 1.3375
63 87753.738 117351.02 1.3373
64 89146.974 119197.744 1.3371
65 90540.223 121186.576 1.3385
66 91933.465 123020.03 1.3381
67 93326.702 124867.343 1.338
68 94719.948 126703.304 1.3377
69 96113.19 128554.885 1.3375
70 97506.442 130394.973 1.3373
71 98899.675 132231.928 1.337
72 100292.917 134075.983 1.3368
73 101686.167 136076.353 1.3382
74 103079.417 137914.91 1.3379
75 104472.656 139771.982 1.3379
76 105865.905 141615.333 1.3377
77 107259.155 143475.83 1.3377
78 108652.397 145327.862 1.3375
79 110045.648 147175.799 1.3374
80 111438.9 149023.793 1.3373
81 112832.141 151013.866 1.3384
82 114225.381 152881.683 1.3384
83 115618.645 154749.959 1.3385
84 117011.9 156590.425 1.3382
85 118405.152 158434.794 1.3381
86 119798.43 160279.19 1.3379
87 121191.678 162131.6 1.3378
88 122584.922 163974.567 1.3376
89 123978.17 165989.915 1.3389
90 125371.435 167818.68 1.3386
91 126757.705 169639.669 1.3383
92 128157.931 171505.831 1.3382
93 129551.182 173359.044 1.3382
94 130944.44 175208.838 1.338
95 132337.677 177049.313 1.3379
96 133730.939 178896.839 1.3377
97 135124.206 180883.319 1.3386
98 136510.484 182710.208 1.3384
99 137910.687 184564.773 1.3383
100 139303.934 186401.652 1.3381
101 140697.18 188250.19 1.338
102 142083.457 190091.313 1.3379
103 143483.674 191942.552 1.3377
104 144876.926 193786.676 1.3376
105 146263.212 195778.331 1.3385
106 147663.428 197645.327 1.3385
107 149056.674 199501.207 1.3384
108 150449.928 201341.328 1.3383
109 151836.222 203169.97 1.3381
110 153236.447 205009.319 1.3379
111 154629.68 206842.559 1.3377
112 156015.957 208674.614 1.3375
113 157409.201 210665.236 1.3383
114 158802.449 212512.27 1.3382
115 160195.686 214355.135 1.3381
116 161588.927 216192.722 1.3379
117 162982.167 218058.73 1.3379
118 164375.407 219895.831 1.3378
119 165768.667 221744.295 1.3377
120 167161.923 223592.129 1.3376
121 168555.158 225593.886 1.3384
122 169948.413 227437.515 1.3383
123 171341.659 229285.153 1.3382
124 172734.925 231125.166 1.338
125 174128.165 232984.53 1.338
126 175521.411 234824.874 1.3379
127 176914.662 236669.35 1.3378
128 178307.917 238521.922 1.3377
129 179701.168 240516.552 1.3384
130 181094.406 242351.333 1.3383
131 182487.634 244188.703 1.3381
132 183880.864 246028.881 1.338
133 185274.106 247873.443 1.3379
134 186667.348 249739.558 1.3379
135 188060.573 251589.375 1.3378
136 189453.82 253434.906 1.3377
137 190847.059 255425.437 1.3384
138 192240.325 257275.282 1.3383
139 193633.578 259128.643 1.3382
140 195026.835 260973.991 1.3381
141 196420.086 262827.473 1.3381
142 197806.383 264673.272 1.338
143 199206.606 266528.793 1.338
144 200599.843 268376.992 1.3379
145 201993.08 270367.25 1.3385
146 203386.318 272215.2 1.3384
147 204779.592 274079.763 1.3384
148 206172.84 275923.702 1.3383
149 207566.078 277767.677 1.3382
150 208959.341 279594.951 1.338
151 210352.596 281435.314 1.3379
152 211738.878 283268.613 1.3378
153 213139.101 285269.675 1.3384
154 214532.346 287113.438 1.3383
155 215918.619 288940.482 1.3382
156 217318.821 290798.729 1.3381
157 218712.074 292635.807 1.338
158 220105.304 294488.093 1.3379
159 221491.585 296333.124 1.3379
160 222884.812 298173.042 1.3378
161 224278.046 300186.92 1.3385
162 225671.301 302034.81 1.3384
163 227064.563 303878.952 1.3383
164 228457.817 305754.898 1.3383
165 229851.069 307599.043 1.3383
166 231244.33 309451.536 1.3382
167 232637.589 311304.377 1.3382
168 234030.838 313156.701 1.3381
169 235424.066 315158.743 1.3387
170 236817.302 317006.646 1.3386
171 238210.561 318847.573 1.3385
172 239603.792 320675.849 1.3384
173 240997.027 322517.766 1.3383
174 242390.263 324353.855 1.3381
175 243783.5 326200.177 1.3381
176 245176.722 328047.704 1.338
177 246569.971 330042.043 1.3385
178 247963.193 331892.078 1.3385
179 249356.471 333734.353 1.3384
180 250749.707 335583.662 1.3383
181 252142.964 337436.502 1.3383
182 253536.206 339278.372 1.3382
183 254929.445 341122.487 1.3381
184 256322.684 342966.646 1.338
185 257715.926 344968.969 1.3386
186 259109.174 346825.097 1.3385
187 260502.413 348680.989 1.3385
188 261895.661 350533.1 1.3384
189 263288.891 352388.345 1.3384
190 264682.139 354236.588 1.3383
191 266075.397 356097.294 1.3383
192 267468.644 357945.511 1.3383
193 268861.896 359944.1 1.3388
194 270255.153 361792.369 1.3387
195 271648.388 363664.383 1.3387
196 273034.661 365491.876 1.3386
197 274434.881 367336.454 1.3385
198 275828.108 369170.279 1.3384
199 277221.354 371015.563 1.3383
200 278607.632 372843.753 1.3382
201 280007.855 374847.756 1.3387
202 281401.092 376693.159 1.3386
203 282794.337 378542.047 1.3386
204 284180.61 380379.547 1.3385
205 285580.824 382239.078 1.3385
206 286974.07 384091.703 1.3384
207 288367.318 385935.988 1.3383
208 289753.593 387773.256 1.3383
209 291153.802 389770.508 1.3387
210 292547.037 391634.68 1.3387
211 293933.331 393483.886 1.3387
212 295326.567 395339.78 1.3387
213 296726.776 397218.476 1.3387
214 298120.026 399066.175 1.3386
215 299506.311 400911.909 1.3386
216 300899.57 402756.352 1.3385
217 302299.776 404757.68 1.3389
218 303686.045 406598.758 1.3389
219 305079.296 408448.723 1.3388
220 306472.548 410276.944 1.3387
221 307865.795 412111.906 1.3386
222 309259.061 413966.537 1.3386
223 310652.314 415825.365 1.3386
224 312045.557 417668.779 1.3385
225 313438.812 419657.616 1.3389
226 314832.078 421506.851 1.3388
227 316225.329 423360.314 1.3388
228 317618.584 425208.186 1.3387
229 319011.834 427055.616 1.3387
230 320405.093 428902.843 1.3386
231 321798.349 430748.203 1.3386
232 323191.591 432592.771 1.3385
233 324584.84 434587.053 1.3389
234 325978.091 436439.392 1.3389
235 327371.335 438291.479 1.3388
236 328764.583 440131.483 1.3387
237 330157.832 441995.519 1.3387
238 331551.084 443867.535 1.3388
239 332944.343 445712.377 1.3387
240 334337.593 447556.828 1.3386
241 335730.825 449551.051 1.339
242 337124.075 451385.944 1.3389
243 338517.316 453222.142 1.3388
244 339910.546 455060.531 1.3388
245 341303.795 456900.049 1.3387
246 342697.038 458742.18 1.3386
247 344090.306 460586.094 1.3386
248 345476.581 462432.957 1.3385
249 346876.794 464427.395 1.3389
250 348270.038 466287.282 1.3389
251 349656.331 468125.203 1.3388
252 351056.535 469984.713 1.3388
253 352442.828 471830.266 1.3387
254 353843.045 473690.047 1.3387
255 355236.276 475542.327 1.3387
256 356629.529 477390.553 1.3386
257 358015.815 479374.158 1.339
258 359416.033 481237.369 1.3389
259 360809.275 483081.211 1.3389
260 362202.534 484933.258 1.3388
261 363595.797 486781.231 1.3388
262 364982.087 488622.763 1.3388
263 366375.351 490471.316 1.3387
264 367768.617 492320.658 1.3387
265 369168.812 494302.558 1.339
266 370555.113 496131.404 1.3389
267 371955.318 497979.956 1.3388
268 373341.578 499807.923 1.3387
269 374734.829 501644.962 1.3387
270 376135.043 503503.491 1.3386
271 377521.311 505342.581 1.3386
272 378914.561 507198.195 1.3386
273 380307.798 509188.35 1.3389
274 381701.035 511055.887 1.3389
275 383094.274 512906.774 1.3389
276 384487.514 514753.731 1.3388
277 385880.77 516600.756 1.3388
278 387274.024 518451.95 1.3387
279 388667.281 520310.908 1.3387
280 390060.511 522155.323 1.3387
281 391453.745 524141.342 1.339
282 392847.008 525998.005 1.3389
283 394240.273 527842.308 1.3389
284 395633.515 529690.282 1.3388
285 397026.757 531526.365 1.3388
286 398420.004 533381.627 1.3387
287 399813.249 535221.96 1.3387
288 401206.49 537061.948 1.3386
289 402599.741 539048.529 1.3389
290 403992.978 540905.99 1.3389
291 405386.218 542742.97 1.3388
292 406779.451 544591.827 1.3388
293 408172.691 546439.652 1.3387
294 409558.968 548262.933 1.3387
295 410959.187 550127.61 1.3386
296 412352.418 551967.828 1.3386
297 413745.674 553954.521 1.3389
298 415138.895 555806.42 1.3388
299 416532.136 557654.439 1.3388
300 417925.373 559502.333 1.3388
301 419318.599 561358.155 1.3387
302 420704.867 563198.91 1.3387
303 422105.079 565053.973 1.3387
304 423498.334 566902.16 1.3386
305 424891.564 568892.525 1.3389
306 426277.844 570716.349 1.3388
307 427678.069 572561.648 1.3388
308 429071.303 574399.57 1.3387
309 430464.531 576245.125 1.3387
310 431850.81 578079.71 1.3386
311 433244.071 579937.077 1.3386
312 434637.312 581786.343 1.3386
313 436037.524 583784.592 1.3388
314 437423.803 585633.326 1.3388
315 438817.066 587484.864 1.3388
316 440210.306 589332.208 1.3388
317 441610.517 591202.328 1.3387
318 442996.782 593042.301 1.3387
319 444390.031 594897.262 1.3387
320 445783.299 596743.724 1.3386
321 447176.535 598738.366 1.3389
322 448569.776 600594.686 1.3389
323 449963.037 602442.831 1.3389
324 451356.288 604295.073 1.3388
325 452749.511 606138.57 1.3388
326 454142.748 607990.43 1.3388
327 455535.991 609838.231 1.3387
328 456929.252 611674.369 1.3387
329 458322.489 613652.889 1.3389
330 459715.727 615497.569 1.3389
331 461108.966 617333.263 1.3388
332 462502.197 619184.848 1.3388
333 463895.432 621025.485 1.3387
334 465288.666 622862.193 1.3387
335 466681.908 624698.847 1.3386
336 468075.171 626535.515 1.3385
337 469468.406 628530.185 1.3388
338 470861.659 630382.723 1.3388
339 472254.89 632230.692 1.3387
340 473648.139 634070.691 1.3387
341 475041.408 635931.053 1.3387
342 476434.648 637786.95 1.3387
343 477827.898 639634.865 1.3386
344 479221.131 641495.087 1.3386
345 480607.409 643336.476 1.3386
346 482007.615 645354.17 1.3389
347 483400.87 647189.154 1.3388
348 484794.129 649025.559 1.3388
349 486187.385 650873.288 1.3387
350 487580.627 652721.078 1.3387
351 488973.86 654558.282 1.3386
352 490360.138 656379.467 1.3386
353 491753.401 658238.925 1.3386
354 493153.615 660261.628 1.3389
355 494546.864 662114.291 1.3388
356 495940.117 663966.389 1.3388
357 497333.367 665810.139 1.3388
358 498719.645 667650.613 1.3387
359 500112.891 669494.25 1.3387
360 501513.105 671350.641 1.3387
361 502906.358 673195.171 1.3386
362 504292.634 675190.811 1.3389
363 505685.872 677050.942 1.3389
364 507086.066 678901.6 1.3388
365 508472.343 680742.388 1.3388
366 509865.579 682578.059 1.3387
367 511258.813 684425.6 1.3387
368 512652.068 686286.086 1.3387
369 514045.323 688125.78 1.3386
370 515438.581 690104.347 1.3389
371 516831.823 691942.701 1.3388
372 518225.087 693786.031 1.3388
373 519618.331 695632.171 1.3387
374 521011.575 697478.143 1.3387
375 522404.828 699323.205 1.3387
376 523798.066 701177.832 1.3386
377 525191.306 703025.696 1.3386
378 526584.564 705032.614 1.3389
379 527977.806 706884.381 1.3389
380 529371.044 708732.307 1.3388
381 530764.29 710572.24 1.3388
382 532157.539 712431.808 1.3388
383 533550.798 714279.707 1.3387
384 534944.04 716131.903 1.3387
385 536337.275 717980.196 1.3387
386 537730.526 719966.582 1.3389
387 539123.79 721823.068 1.3389
388 540517.05 723679.544 1.3389
389 541910.311 725512.914 1.3388
390 543303.577 727349.708 1.3388
391 544689.844 729183.621 1.3387
392 546090.068 731042.421 1.3387
393 547483.309 732901.477 1.3387
394 548876.549 734905.785 1.3389
395 550269.797 736743.795 1.3389
396 551663.028 738598.358 1.3389
397 553056.29 740442.035 1.3388
398 554449.536 742289.486 1.3388
399 555842.786 744132.601 1.3387
400 557236.042 745982.049 1.3387
401 558629.285 747838.316 1.3387
402 560022.512 749828.318 1.3389
403 561415.781 751681.011 1.3389
404 562809.029 753525.077 1.3389
405 564195.339 755366.573 1.3388
406 565595.551 757217.576 1.3388
407 566981.821 759094.849 1.3388
408 568375.055 760939.034 1.3388
409 569775.272 762794.622 1.3388
410 571168.506 764813.125 1.339
411 572554.792 766658.453 1.339
412 573948.046 768506.553 1.339
413 575341.281 770345.989 1.3389
414 576734.514 772182.46 1.3389
415 578134.718 774033.4 1.3388
416 579521.009 775878.165 1.3388
417 580914.262 777730.039 1.3388
418 582307.502 779714.275 1.339
419 583700.757 781565.952 1.339
420 585094.0 783407.188 1.3389
421 586487.263 785252.436 1.3389
422 587880.489 787109.394 1.3389
423 589273.727 788950.11 1.3389
424 590666.981 790799.065 1.3388
425 592060.236 792647.85 1.3388
426 593453.46 794641.955 1.339
427 594846.724 796490.517 1.339
428 596239.969 798346.609 1.339
429 597633.214 800182.518 1.3389
430 599026.473 802042.616 1.3389
431 600419.712 803910.575 1.3389
432 601812.958 805750.907 1.3389
433 603206.209 807595.423 1.3388
434 604599.457 809602.684 1.3391
435 605992.702 811446.953 1.339
436 607385.971 813284.666 1.339
437 608779.221 815123.464 1.3389
438 610172.443 816960.402 1.3389
439 611565.694 818792.583 1.3388
440 612958.936 820646.934 1.3388
441 614352.193 822497.529 1.3388
442 615745.448 824499.427 1.339
443 617138.676 826346.295 1.339
444 618531.922 828193.31 1.339
445 619925.164 830048.668 1.3389
446 621318.433 831907.879 1.3389
447 622711.696 833762.935 1.3389
448 624104.951 835620.525 1.3389
449 625498.216 837461.102 1.3389
450 626891.469 839455.651 1.3391
451 628284.723 841300.019 1.339
452 629677.98 843148.238 1.339
453 631064.253 844977.329 1.339
454 632464.466 846852.524 1.339
455 633850.751 848689.41 1.3389
456 635244.011 850526.37 1.3389
457 636644.217 852374.823 1.3389
458 638037.46 854359.81 1.339
459 639430.71 856202.269 1.339
460 640817.007 858029.996 1.339
461 642210.244 859871.715 1.3389
462 643603.497 861716.763 1.3389
463 644996.751 863561.129 1.3389
464 646389.983 865413.099 1.3388
465 647783.22 867269.092 1.3388
466 649176.456 869255.244 1.339
467 650569.701 871103.795 1.339
468 651962.954 872952.08 1.339
469 653363.164 874807.306 1.3389
470 654749.429 876648.118 1.3389
471 656142.681 878496.316 1.3389
472 657535.933 880348.315 1.3389
473 658929.199 882220.843 1.3389
474 660322.455 884219.791 1.3391
475 661715.71 886056.133 1.339
476 663108.95 887912.287 1.339
477 664502.197 889767.4 1.339
478 665895.458 891601.727 1.339
479 667288.699 893435.399 1.3389
480 668681.935 895274.09 1.3389
481 670075.169 897121.695 1.3388
482 671468.412 899126.315 1.339
483 672861.678 900977.753 1.339
484 674254.92 902816.352 1.339
485 675648.164 904669.722 1.339
486 677041.405 906519.289 1.3389
487 678434.649 908353.613 1.3389
488 679827.904 910210.789 1.3389
489 681221.165 912071.85 1.3389
490 682614.416 914058.397 1.3391
491 684007.652 915918.726 1.339
492 685400.907 917770.961 1.339
493 686787.169 919611.98 1.339
494 688180.417 921472.099 1.339
495 689580.633 923322.807 1.339
496 690973.875 925166.547 1.3389
497 692367.103 927018.198 1.3389
498 693753.385 928981.649 1.3391
499 695153.616 930829.534 1.339
500 696546.846 932672.695 1.339
501 697940.091 934507.711 1.339
502 699326.381 936352.658 1.3389
503 700719.623 938204.098 1.3389
504 702112.871 940053.362 1.3389
505 703513.099 941909.101 1.3389
506 704906.343 943904.586 1.339
507 706292.605 945733.645 1.339
508 707685.838 947577.612 1.339
509 709086.051 949436.813 1.339
510 710479.298 951285.065 1.3389
511 711872.532 953133.193 1.3389
512 713265.802 954981.209 1.3389
513 714652.089 956830.595 1.3389
514 716045.322 958832.714 1.3391
515 717438.586 960685.448 1.339
516 718831.82 962521.642 1.339
517 720225.068 964373.789 1.339
518 721618.32 966208.918 1.3389
519 723011.567 968047.192 1.3389
520 724404.803 969888.132 1.3389
521 725798.055 971726.109 1.3388
522 727191.288 973725.806 1.339
523 728584.547 975565.814 1.339
524 729977.804 977417.495 1.339
525 731371.05 979264.482 1.3389
526 732764.319 981111.538 1.3389
527 734157.582 982951.048 1.3389
528 735550.836 984817.76 1.3389
529 736944.089 986672.595 1.3389
530 738337.347 988679.931 1.3391
531 739730.603 990524.46 1.339
532 741123.837 992380.594 1.339
533 742517.082 994236.684 1.339
534 743910.325 996084.791 1.339
535 745303.582 997932.765 1.339
536 746696.845 999785.138 1.3389
537 748090.076 1001628.796 1.3389
538 749483.301 1003631.026 1.3391
539 750876.567 1005468.385 1.3391
540 752269.824 1007301.388 1.339
541 753663.077 1009135.451 1.339
542 755056.333 1010977.119 1.3389
543 756449.569 1012821.644 1.3389
544 757842.818 1014666.473 1.3389
545 759236.059 1016509.926 1.3389
546 760629.316 1018495.331 1.339
547 762022.544 1020359.966 1.339
548 763415.798 1022204.319 1.339
549 764809.042 1024052.686 1.339
550 766202.29 1025904.845 1.3389
551 767588.578 1027741.905 1.3389
552 768981.82 1029589.766 1.3389
553 770382.03 1031448.627 1.3389
554 771775.258 1033453.911 1.3391
555 773168.513 1035302.395 1.339
556 774554.8 1037131.762 1.339
557 775948.041 1038984.008 1.339
558 777348.277 1040835.413 1.339
559 778741.526 1042683.883 1.3389
560 780127.812 1044525.583 1.3389
561 781521.062 1046358.756 1.3389
562 782921.271 1048349.528 1.339
563 784307.552 1050194.321 1.339
564 785707.777 1052040.48 1.339
565 787094.036 1053881.974 1.339
566 788487.297 1055726.004 1.3389
567 789880.538 1057569.157 1.3389
568 791273.789 1059412.451 1.3389
569 792667.042 1061263.403 1.3389
570 794067.249 1063261.427 1.339
571 795453.544 1065102.484 1.339
572 796846.792 1066955.129 1.339
573 798240.043 1068803.449 1.3389
574 799633.303 1070639.766 1.3389
575 801026.551 1072492.153 1.3389
576 802419.794 1074336.185 1.3389
577 803813.032 1076184.26 1.3388
578 805206.265 1078186.349 1.339
579 806599.511 1080029.722 1.339
580 807992.758 1081861.887 1.3389
581 809386.011 1083697.104 1.3389
582 810779.235 1085539.601 1.3389
583 812172.476 1087383.071 1.3389
584 813565.713 1089226.058 1.3388
585 814958.96 1091068.396 1.3388
586 816352.205 1093070.933 1.339
587 817745.454 1094902.647 1.3389
588 819138.71 1096761.048 1.3389
589 820531.944 1098613.15 1.3389
590 821925.191 1100457.184 1.3389
591 823318.426 1102301.246 1.3389
592 824711.672 1104141.278 1.3388
593 826104.911 1106009.294 1.3388
594 827498.179 1108011.662 1.339
595 828891.415 1109851.425 1.339
596 830284.652 1111727.438 1.339
597 831677.906 1113575.865 1.339
598 833071.148 1115423.992 1.3389
599 834457.429 1117269.178 1.3389
600 835857.652 1119124.763 1.3389
601 837250.908 1120980.985 1.3389
602 838644.165 1123023.684 1.3391
603 840030.463 1124864.965 1.3391
604 841430.665 1126755.203 1.3391
605 842823.908 1128587.91 1.3391
606 844217.154 1130424.368 1.339
607 845603.437 1132264.415 1.339
608 847003.65 1134113.53 1.339
609 848396.916 1135954.036 1.3389
610 849783.19 1137937.834 1.3391
611 851176.444 1139787.179 1.3391
612 852569.674 1141671.057 1.3391
613 853962.925 1143515.06 1.3391
614 855356.171 1145370.984 1.3391
615 856749.41 1147210.748 1.339
616 858142.651 1149057.909 1.339
617 859535.909 1150925.591 1.339
618 860929.167 1152935.382 1.3392
619 862322.405 1154790.097 1.3392
620 863715.654 1156652.925 1.3392
621 865108.886 1158505.053 1.3391
622 866502.115 1160353.072 1.3391
623 867895.375 1162197.377 1.3391
624 869288.62 1164041.502 1.3391
625 870681.858 1165885.587 1.339
626 872075.106 1167870.726 1.3392
627 873468.365 1169699.159 1.3391
628 874861.617 1171537.992 1.3391
629 876254.871 1173398.731 1.3391
630 877648.117 1175233.999 1.3391
631 879041.369 1177081.722 1.3391
632 880434.618 1178926.604 1.339
633 881827.865 1180770.155 1.339
634 883221.102 1182779.74 1.3392
635 884614.346 1184614.223 1.3391
636 886007.589 1186466.369 1.3391
637 887400.852 1188309.476 1.3391
638 888794.114 1190150.78 1.3391
639 890187.353 1191994.92 1.339
640 891580.593 1193839.018 1.339
641 892973.828 1195691.434 1.339
642 894360.117 1197674.997 1.3391
643 895760.349 1199534.436 1.3391
644 897153.594 1201402.654 1.3391
645 898546.84 1203246.321 1.3391
646 899940.088 1205102.368 1.3391
647 901326.348 1206935.433 1.3391
648 902719.601 1208778.527 1.339
649 904119.815 1210626.225 1.339
650 905513.076 1212615.929 1.3391
651 906899.345 1214453.381 1.3391
652 908299.559 1216305.9 1.3391
653 909692.82 1218149.921 1.3391
654 911086.056 1220001.279 1.3391
655 912479.31 1221841.264 1.339
656 913865.605 1223682.819 1.339
657 915265.816 1225537.89 1.339
658 916659.074 1227544.467 1.3392
659 918045.355 1229373.451 1.3391
660 919445.565 1231240.011 1.3391
661 920831.846 1233080.786 1.3391
662 922232.036 1234943.239 1.3391
663 923618.319 1236796.638 1.3391
664 925011.557 1238648.587 1.3391
665 926404.821 1240497.124 1.339
666 927805.046 1242502.899 1.3392
667 929198.286 1244366.946 1.3392
668 930584.552 1246215.623 1.3392
669 931977.795 1248071.208 1.3392
670 933371.058 1249915.348 1.3391
671 934764.322 1251752.136 1.3391
672 936157.575 1253593.212 1.3391
673 937550.838 1255437.302 1.3391
674 938944.06 1257431.5 1.3392
675 940337.313 1259272.81 1.3392
676 941730.552 1261105.258 1.3391
677 943123.79 1262953.395 1.3391
678 944517.039 1264829.145 1.3391
679 945910.27 1266669.353 1.3391
680 947303.5 1268533.471 1.3391
681 948696.746 1270369.229 1.3391
682 950090.012 1272379.906 1.3392
683 951483.263 1274243.733 1.3392
684 952876.505 1276091.384 1.3392
685 954269.749 1277938.869 1.3392
686 955662.995 1279798.514 1.3392
687 957056.243 1281659.297 1.3392
688 958449.492 1283499.477 1.3391
689 959842.758 1285356.034 1.3391
690 961236.007 1287358.689 1.3393
691 962629.246 1289210.767 1.3393
692 964022.5 1291055.745 1.3392
693 965415.742 1292888.013 1.3392
694 966808.985 1294743.021 1.3392
695 968202.228 1296592.684 1.3392
696 969595.471 1298430.774 1.3391
697 970988.718 1300274.609 1.3391
698 972381.99 1302260.583 1.3392
699 973775.242 1304119.579 1.3392
700 975168.505 1305970.876 1.3392
701 976561.744 1307825.635 1.3392
702 977954.987 1309682.139 1.3392
703 979348.233 1311526.533 1.3392
704 980741.481 1313370.775 1.3392
705 982134.726 1315218.805 1.3391
706 983521.001 1317198.223 1.3393
707 984921.215 1319057.144 1.3393
708 986307.478 1320893.707 1.3392
709 987707.711 1322773.202 1.3392
710 989093.987 1324606.36 1.3392
711 990494.191 1326469.818 1.3392
712 991880.462 1328306.823 1.3392
713 993273.696 1330166.914 1.3392
714 994673.912 1332161.061 1.3393
715 996067.164 1333998.032 1.3393
716 997460.4 1335833.175 1.3392
717 998853.652 1337675.953 1.3392
718 1000239.928 1339511.401 1.3392
719 1001640.145 1341364.139 1.3392
720 1003026.418 1343198.978 1.3391
721 1004419.675 1345056.046 1.3391
722 1005812.921 1347046.884 1.3393
723 1007206.17 1348898.399 1.3392
724 1008599.428 1350744.806 1.3392
725 1009992.665 1352582.076 1.3392
726 1011385.917 1354431.481 1.3392
727 1012779.164 1356276.721 1.3392
728 1014172.394 1358128.582 1.3391
729 1015565.658 1359985.249 1.3391
730 1016958.898 1361979.718 1.3393
731 1018352.157 1363835.797 1.3393
732 1019745.389 1365683.633 1.3392
733 1021138.652 1367543.91 1.3392
734 1022531.902 1369387.739 1.3392
735 1023925.14 1371259.842 1.3392
736 1025318.388 1373108.051 1.3392
737 1026711.636 1374952.49 1.3392
738 1028104.879 1376939.677 1.3393
739 1029498.126 1378776.117 1.3393
740 1030891.387 1380616.925 1.3392
741 1032284.624 1382458.514 1.3392
742 1033677.88 1384307.918 1.3392
743 1035071.114 1386175.366 1.3392
744 1036464.359 1388015.036 1.3392
745 1037857.604 1389862.807 1.3392
746 1039250.859 1391710.305 1.3391
747 1040644.113 1393712.038 1.3393
748 1042037.357 1395559.33 1.3393
749 1043423.625 1397403.683 1.3392
750 1044823.86 1399266.527 1.3392
751 1046217.109 1401138.469 1.3392
752 1047610.358 1402990.958 1.3392
753 1049003.59 1404835.058 1.3392
754 1050389.874 1406676.146 1.3392
755 1051790.085 1408681.626 1.3393
756 1053183.323 1410525.552 1.3393
757 1054576.565 1412369.265 1.3393
758 1055969.821 1414206.363 1.3392
759 1057363.07 1416067.225 1.3392
760 1058756.301 1417908.007 1.3392
761 1060142.583 1419750.675 1.3392
762 1061542.792 1421603.03 1.3392
763 1062929.082 1423604.808 1.3393
764 1064329.284 1425460.167 1.3393
765 1065715.569 1427297.074 1.3393
766 1067115.784 1429147.563 1.3393
767 1068502.076 1430983.777 1.3392
768 1069902.306 1432837.586 1.3392
769 1071288.583 1434675.184 1.3392
770 1072681.831 1436523.353 1.3392
771 1074075.082 1438529.958 1.3393
772 1075468.326 1440390.109 1.3393
773 1076861.563 1442237.951 1.3393
774 1078254.803 1444089.885 1.3393
775 1079648.044 1445937.596 1.3393
776 1081041.288 1447793.501 1.3393
777 1082434.55 1449633.952 1.3392
778 1083827.789 1451490.188 1.3392
779 1085221.038 1453488.878 1.3393
780 1086614.291 1455324.066 1.3393
781 1088007.537 1457158.145 1.3393
782 1089400.774 1458996.251 1.3393
783 1090794.022 1460838.902 1.3392
784 1092187.251 1462695.668 1.3392
785 1093580.506 1464531.397 1.3392
786 1094973.739 1466382.322 1.3392
787 1096366.981 1468378.267 1.3393
788 1097760.231 1470232.541 1.3393
789 1099153.469 1472078.443 1.3393
790 1100546.732 1473924.696 1.3393
791 1101939.976 1475778.498 1.3393
792 1103333.221 1477639.106 1.3393
793 1104726.466 1479471.404 1.3392
794 1106119.724 1481315.536 1.3392
795 1107512.955 1483317.945 1.3393
796 1108906.198 1485162.196 1.3393
797 1110292.49 1486999.521 1.3393
798 1111692.711 1488854.71 1.3393
799 1113078.991 1490694.78 1.3393
800 1114479.198 1492558.156 1.3392
801 1115872.452 1494401.33 1.3392
802 1117258.737 1496241.92 1.3392
803 1118651.986 1498240.483 1.3393
804 1120052.214 1500098.02 1.3393
805 1121438.485 1501935.645 1.3393
806 1122831.723 1503770.565 1.3393
807 1124231.949 1505631.468 1.3393
808 1125618.224 1507472.868 1.3392
809 1127018.443 1509320.027 1.3392
810 1128411.678 1511168.235 1.3392
811 1129797.934 1513163.476 1.3393
812 1131191.194 1515011.853 1.3393
813 1132584.425 1516847.664 1.3393
814 1133977.684 1518703.997 1.3393
815 1135370.924 1520547.834 1.3393
816 1136771.158 1522435.618 1.3393
817 1138157.423 1524276.811 1.3392
818 1139550.677 1526122.071 1.3392
819 1140943.929 1528092.497 1.3393
820 1142344.128 1529938.552 1.3393
821 1143730.409 1531767.968 1.3393
822 1145123.662 1533606.305 1.3392
823 1146516.91 1535447.595 1.3392
824 1147910.135 1537284.093 1.3392
825 1149303.375 1539139.905 1.3392
826 1150696.618 1540988.217 1.3392
827 1152089.861 1542993.847 1.3393
828 1153483.099 1544868.673 1.3393
829 1154876.344 1546715.378 1.3393
830 1156269.602 1548562.124 1.3393
831 1157662.851 1550408.73 1.3393
832 1159056.078 1552263.141 1.3392
833 1160449.312 1554121.462 1.3392
834 1161842.549 1555969.8 1.3392
835 1163235.801 1557956.524 1.3393
836 1164629.05 1559804.655 1.3393
837 1166022.283 1561652.645 1.3393
838 1167415.527 1563512.664 1.3393
839 1168808.776 1565360.554 1.3393
840 1170202.035 1567205.515 1.3393
841 1171595.273 1569050.216 1.3392
842 1172981.56 1570881.077 1.3392
843 1174381.771 1572881.157 1.3393
844 1175775.01 1574720.9 1.3393
845 1177168.262 1576574.126 1.3393
846 1178554.544 1578408.386 1.3393
847 1179954.77 1580266.905 1.3393
848 1181341.048 1582105.169 1.3392
849 1182734.292 1583946.047 1.3392
850 1184134.508 1585785.518 1.3392
851 1185527.755 1587784.283 1.3393
852 1186921.011 1589628.52 1.3393
853 1188307.298 1591461.88 1.3393
854 1189707.529 1593329.462 1.3393
855 1191093.802 1595170.394 1.3392
856 1192494.016 1597025.562 1.3392
857 1193880.312 1598866.69 1.3392
858 1195280.522 1600738.093 1.3392
859 1196666.788 1602725.551 1.3393
860 1198066.998 1604596.913 1.3393
861 1199453.272 1606421.217 1.3393
862 1200846.529 1608253.631 1.3393
863 1202239.781 1610094.874 1.3392
864 1203639.997 1611936.204 1.3392
865 1205026.277 1613769.911 1.3392
866 1206419.534 1615630.56 1.3392
867 1207812.787 1617624.703 1.3393
868 1209213.02 1619490.893 1.3393
869 1210599.293 1621322.99 1.3393
870 1211992.544 1623170.186 1.3393
871 1213385.791 1625036.545 1.3393
872 1214779.036 1626899.274 1.3393
873 1216172.281 1628746.322 1.3392
874 1217565.518 1630612.544 1.3392
875 1218958.764 1632599.049 1.3393
876 1220352.011 1634459.35 1.3393
877 1221745.261 1636303.595 1.3393
878 1223138.506 1638139.757 1.3393
879 1224531.744 1639995.615 1.3393
880 1225925.008 1641839.638 1.3393
881 1227318.233 1643679.611 1.3392
882 1228711.471 1645535.85 1.3392
883 1230104.712 1647515.601 1.3393
884 1231497.962 1649355.788 1.3393
885 1232891.215 1651203.23 1.3393
886 1234284.48 1653047.562 1.3393
887 1235677.724 1654889.355 1.3393
888 1237070.97 1656730.898 1.3392
889 1238464.231 1658566.314 1.3392
890 1239857.472 1660427.252 1.3392
891 1241250.713 1662429.697 1.3393
892 1242643.969 1664274.02 1.3393
893 1244030.247 1666103.029 1.3393
894 1245430.476 1667966.328 1.3393
895 1246823.72 1669814.382 1.3393
896 1248210.008 1671651.644 1.3392
897 1249610.213 1673525.794 1.3392
898 1251003.452 1675365.911 1.3392
899 1252396.713 1677364.756 1.3393
900 1253789.956 1679207.63 1.3393
901 1255176.215 1681030.044 1.3393
902 1256576.433 1682874.71 1.3393
903 1257969.687 1684711.706 1.3392
904 1259355.977 1686550.188 1.3392
905 1260749.243 1688393.304 1.3392
906 1262149.473 1690245.964 1.3392
907 1263535.765 1692257.899 1.3393
908 1264928.997 1694105.023 1.3393
909 1266322.256 1695955.856 1.3393
910 1267722.457 1697809.316 1.3393
911 1269108.72 1699652.333 1.3392
912 1270501.985 1701514.519 1.3392
913 1271895.224 1703360.529 1.3392
914 1273288.475 1705214.746 1.3392
915 1274681.723 1707223.213 1.3393
916 1276074.983 1709059.954 1.3393
917 1277468.215 1710916.12 1.3393
918 1278861.466 1712760.165 1.3393
919 1280254.713 1714596.206 1.3393
920 1281647.951 1716456.139 1.3393
921 1283041.192 1718312.543 1.3392
922 1284434.453 1720163.815 1.3392
923 1285827.691 1722150.395 1.3393
924 1287220.948 1723982.735 1.3393
925 1288614.195 1725819.25 1.3393
926 1290007.439 1727663.042 1.3393
927 1291400.695 1729505.22 1.3392
928 1292793.94 1731341.477 1.3392
929 1294187.183 1733181.467 1.3392
930 1295580.424 1735039.671 1.3392
931 1296973.66 1737024.042 1.3393
932 1298366.916 1738878.715 1.3393
933 1299760.16 1740731.137 1.3393
934 1301153.419 1742567.341 1.3392
935 1302546.66 1744423.58 1.3392
936 1303939.9 1746276.018 1.3392
937 1305333.135 1748119.859 1.3392
938 1306726.382 1749967.801 1.3392
939 1308119.642 1751966.09 1.3393
940 1309512.901 1753854.311 1.3393
941 1310906.136 1755698.645 1.3393
942 1312299.393 1757534.919 1.3393
943 1313692.642 1759387.316 1.3393
944 1315078.928 1761207.556 1.3392
945 1316479.135 1763057.698 1.3392
946 1317872.397 1764897.322 1.3392
947 1319258.685 1766875.582 1.3393
948 1320658.884 1768775.328 1.3393
949 1322045.171 1770600.27 1.3393
950 1323445.399 1772473.437 1.3393
951 1324838.64 1774311.736 1.3393
952 1326231.893 1776167.925 1.3393
953 1327625.143 1778008.929 1.3392
954 1329011.427 1779846.959 1.3392
955 1330411.656 1781852.124 1.3393
956 1331797.944 1783711.544 1.3393
957 1333198.149 1785570.888 1.3393
958 1334591.403 1787415.16 1.3393
959 1335977.671 1789248.455 1.3393
960 1337377.898 1791111.895 1.3393
961 1338764.184 1792941.355 1.3393
962 1340164.385 1794812.146 1.3392
963 1341550.664 1796791.203 1.3393
964 1342943.908 1798643.439 1.3393
965 1344344.146 1800492.802 1.3393
966 1345730.421 1802328.64 1.3393
967 1347123.654 1804162.591 1.3393
968 1348516.897 1806006.519 1.3393
969 1349910.14 1807871.564 1.3393
970 1351303.382 1809715.323 1.3392
971 1352696.634 1811692.973 1.3393
972 1354089.889 1813541.577 1.3393
973 1355483.146 1815401.367 1.3393
974 1356876.387 1817249.375 1.3393
975 1358269.632 1819101.505 1.3393
976 1359662.871 1820937.342 1.3393
977 1361056.102 1822793.102 1.3392
978 1362449.337 1824644.763 1.3392
979 1363842.595 1826639.041 1.3393
980 1365235.84 1828517.825 1.3393
981 1366629.072 1830349.797 1.3393
982 1368022.341 1832202.647 1.3393
983 1369415.589 1834050.839 1.3393
984 1370808.832 1835895.088 1.3393
985 1372202.076 1837742.287 1.3393
986 1373595.319 1839576.387 1.3392
987 1374988.569 1841551.525 1.3393
988 1376381.818 1843390.614 1.3393
989 1377775.072 1845231.853 1.3393
990 1379168.297 1847102.419 1.3393
991 1380561.547 1848948.96 1.3393
992 1381954.805 1850795.599 1.3393
993 1383348.058 1852644.962 1.3392
994 1384734.331 1854490.901 1.3392
995 1386134.556 1856495.72 1.3393
996 1387520.853 1858326.635 1.3393
997 1388921.069 1860188.904 1.3393
998 1390314.327 1862041.963 1.3393
999 1391707.59 1863890.559 1.3393
1000 1393100.842 1865742.986 1.3393
